label,tweet,perturbed_text,perturbed_semantic_sim,pred_label,pred_proba,perturbed_label,perturbed_proba,translated_word(s),adv_pred,adv_pred_on_orig,running_time(s),before_attack_acc,after_attack_acc,avg_semantic_sim,avg_running_time(s),adv_training,delta_acc,delta_adv,acc_adv_training_on_orig,best_epoch
2,"Pixy ini kok lama-lama gemesim yaaaa. Setelah jatuh cinta sama lip cream nya, kayak nya bakal jatih cinta sama yang lain. Huft [URL]",Pixy ini kok gemesim Setelah jatuh cinta sama lip cream kayak nya bakal jatih cinta sama yang Huft,0.940214991569519,2,[0.1423 0.0029 0.8192 0.0153 0.0202],2,[0.0059 0.001  0.9117 0.0034 0.078 ],"{'gemesim': 'gemesim', 'cinta': 'cinta', 'jatuh': 'jatuh', 'cream': 'cream', 'huft': 'huft', 'kayak': 'kayak'}",2,2,0.9223,0.759090909090909,0.6545454545454545,0.948946564136581,0.5836234090909092,0.7068181818181818,0.1045454545454545,-0.05227272727272725,0.7340909090909091,3.0
3,Penyakit hepatitis B 100x lebih infeksius dari HIV/AIDS Duhh serem! Dan belum ada obatnya.,Penyakit hepatitis B 100x lebih infeksius dari Duhh Dan belum ada,0.9448561668395996,3,[0.0031 0.0014 0.0022 0.9905 0.0027],0,[0.4651 0.0461 0.0327 0.1112 0.3449],"{'duhh': 'duhh', 'dan': 'dan', 'penyakit': 'penyakit'}",0,3,0.1123,,,,,,,,,
3,[USERNAME] [USERNAME] [USERNAME] Gw lebih khawatir lg kalo Ahok jd jurkamnya Jokowi bro. Nemo movement malah berbalik jd ikon punya Jokowi. Persis kejadian 212 yg jd panggung Jkw,Gw lebih khawatir lg kalo Ahok jd jurkamnya Jokowi Nemo movement malah berbalik jd ikon punya Persis kejadian 212 yg jd panggung Jkw,0.8855966329574585,3,[0.0026 0.0112 0.0016 0.9818 0.0028],3,[0.0063 0.067  0.0022 0.9198 0.0046],"{'jokowi': 'jokowi', 'jkw': 'jkw', 'ikon': 'ikon', 'jd': 'jd', 'yg': 'yg', 'nemo': 'nemo', 'kejadian': 'kejadian', 'kalo': 'kalo', 'berbalik': 'berbalik'}",3,3,1.8115,,,,,,,,,
1,"Kemerdekaan adalah hak segala bangsa ...( Kec Yahudi,Kurdi , Catalonia , Koptik ) sbgmn kita menutup mata terhadap Penjajahan Yaman dan Qatar.Artinya standart ganda ...",Kemerdekaan adalah hak segala bangsa Kec Catalonia Koptik sbgmn kita menutup mata terhadap Penjajahan Yaman dan standart ganda,0.9747864603996276,1,[0.1396 0.8068 0.0018 0.0469 0.0049],0,[0.6017 0.2257 0.02   0.0477 0.1048],"{'koptik': 'Koptik', 'kemerdekaan': 'kemerdekaan', 'penjajahan': 'penjajahan', 'sbgmn': 'sbgmn', 'mata': 'mata', 'hak': 'hak', 'yaman': 'Yaman'}",4,1,1.8882,,,,,,,,,
4,"Selamat pak [USERNAME] resmi jadi bapak, sekedar saran sering sering si jagoan dikasih dengar lagu YNWA sama tonton pertandingan Liverpool... Biar ngerti sejarah dan kesetiaan haha",Selamat pak rasmi jadi sekedar saran sering sering si jagoan dikasih dengar lagu YNWA sama tonton pertandingan Biar ngerti sejarah dan kesetiaan haha,0.9354684948921204,4,[1.400e-03 6.000e-04 3.600e-03 8.000e-04 9.937e-01],4,[0.0041 0.0012 0.0025 0.0013 0.9909],"{'selamat': 'selamat', 'resmi': 'rasmi', 'sekedar': 'sekedar', 'haha': 'haha', 'saran': 'saran', 'dengar': 'dengar', 'tonton': 'tonton', 'jagoan': 'jagoan', 'lagu': 'lagu', 'si': 'si'}",4,4,0.7082,,,,,,,,,
0,"Pas aktip di ig merasa twitter ini tempat melarikan diri. Pas lbh sering mencuit, merasa ig itu mall... aku dangkal, butuh hingar, mau di pasar",Pas aktip di ig merasa twitter ini tempat melarikan Pas lebih sering merasa ig itu aku butuh mau di pasar,0.9358516335487366,0,[0.9781 0.0149 0.0013 0.0043 0.0014],0,[0.9626 0.0041 0.0103 0.006  0.0169],"{'ig': 'ig', 'lbh': 'lebih', 'twitter': 'twitter', 'pas': 'pas', 'pasar': 'pasar'}",0,0,0.6006,,,,,,,,,
1,Awal nonton cuma 4 orang tenang bgt.. 25 menit film berjalan dan begitu masuk segerombolan alayers lansung bising nya gak ketolong..,Awal nonton cuma 4 orang tenang bgt.. 25 menit film berjalan dan begitu masuk segerombolan alayers lansung bising nya gak ketolong..,1.0,4,[0.0058 0.0013 0.0019 0.0051 0.9859],4,[0.0058 0.0013 0.0019 0.0051 0.9859],,4,4,0.19,,,,,,,,,
0,"Bukan gw yang ga mau ikut bukber, tapi dompet yang protes ""bukber mulu lu gw ga di isi isi, dompet gendutin, badan lu kurusin jangan kebalik"" Oke sip besok ku lembur baghai qhuda","Bukan gw yang ga mau ikut bukber, tapi dompet yang protes ""bukber mulu lu gw ga di isi isi, dompet gendutin, badan lu kurusin jangan kebalik"" Oke sip besok ku lembur baghai qhuda",1.0,1,[5.570e-02 9.393e-01 8.000e-04 1.600e-03 2.700e-03],1,[5.570e-02 9.393e-01 8.000e-04 1.600e-03 2.700e-03],,1,1,0.2,,,,,,,,,
3,jadi takut buat nikah...buat punya anak...takut kalo saya nikah saya ga bisa bahagiain pasangan...takut kalo punya anak nanti saya banding bandingin...,jadi takut buat punya kalo saya nikah saya ga bisa bahagiain kalo punya anak nanti saya banding,0.9794464111328124,3,[0.002  0.0014 0.0016 0.9922 0.0028],3,[0.0038 0.0027 0.0023 0.9889 0.0024],"{'takut': 'takut', 'banding': 'banding', 'ga': 'ga', 'kalo': 'kalo'}",3,3,0.6464,,,,,,,,,
4,"BTW, salut dengan siapapun yang bikin ad Tokopedia yang cerita masa lalu seseorang tentang nabung buat makan udang. Dengan narasi yang cukup simple tapi bisa langsung ngena ke gua emotionally. Well done",salut dengan siapapun yang bikin ad Tokopedia yang cerita masa lalu seseorang tentang nabung buat makan Dengan narasi yang cukup simple tapi bisa langsung ngena ke saya Well done,0.9678410291671752,4,[0.0135 0.0012 0.0205 0.0016 0.9633],4,[0.0125 0.001  0.0119 0.0014 0.9733],"{'done': 'done', 'gua': 'saya', 'salut': 'salut', 'simple': 'simple', 'tokopedia': 'tokopedia', 'cerita': 'cerita', 'dengan': 'dengan', 'bikin': 'bikin', 'langsung': 'langsung'}",4,4,0.5443,,,,,,,,,
3,"Pagi ini Surabaya mendungnya rata banget, jangan biarin rasa meger menguasai jiwa &amp","Pagi ini Surabaya mendungnya rata banget, jangan biarin rasa meger menguasai jiwa &amp",1.0,0,[0.502  0.0055 0.0072 0.4749 0.0104],0,[0.502  0.0055 0.0072 0.4749 0.0104],,3,3,0.2,,,,,,,,,
3,"[USERNAME] [USERNAME] Tidak disemua tempat kita boleh melaksanakan sholat, salah satunya di bangunan yang didirikan untuk kekafiran (salah satunya gereja). Aku berlindung kepada ALLAAH SWT. dari godaan setan yang terkutuk. [URL]",Tidak disemua tempat kita boleh melaksanakan salah satunya di bangunan yang didirikan untuk kekafiran satunya Aku berlindung kepada ALLAAH dari godaan setan yang,0.916731059551239,3,[0.0079 0.0036 0.0013 0.986  0.0012],3,[0.0072 0.0028 0.0065 0.9816 0.0019],"{'setan': 'setan', 'allaah': 'allah', 'godaan': 'godaan', 'melaksanakan': 'melaksanakan', 'disemua': 'disemua', 'didirikan': 'didirikan', 'berlindung': 'berlindung', 'salah': 'salah'}",3,3,1.0842,,,,,,,,,
1,"Akhirnya jamaahnya tercuci otak, seakan-akan memilih paslon pilkada itu karena kewajiban dari imam besarnya. Bagi mereka program paslon ga penting, yg penting takbir terus milih.",Akhirnya jamaahnya tercuci memilih paslon pilkada itu karena kewajiban dari imam Bagi mereka program paslon ga yg penting takbir terus,0.9623275995254515,1,[0.0606 0.9286 0.0018 0.0061 0.0029],4,[0.1241 0.0949 0.0125 0.0187 0.7499],"{'bagi': 'bagi', 'kewajiban': 'kewajiban', 'imam': 'imam'}",4,1,0.6173,,,,,,,,,
0,"Sampe rumah masuk2 dijudesin bokap bilang gini kamu lama2 kayak artis ya! Terus gw bingung.. lah ngapa Perasaan tadi brgkt cuman bedakan plus gincu arab an, karna emg ganiat mau kemana2.. (fyi gincu arab itu ga menor samsek kek natural gt) terus gw ngaca ajg kok gw menor bgt",Sampe rumah masuk2 dijudesin bokap bilang gini kamu lama2 kayak artis Terus w lah ngapa Perasaan tadi brgkt cuman bedakan plus gincu arab karna emg malignan mau gincu arab itu ga menor samsek kek natural terus w ngaca ajg kok w menor hebat,0.8849857449531555,0,[0.4214 0.0082 0.0087 0.325  0.2368],0,[0.8391 0.0843 0.0041 0.0368 0.0357],"{'plus': 'plus', 'dijudesin': 'dijudesin', 'gincu': 'gincu', 'bgt': 'hebat', 'cuman': 'cuman', 'brgkt': 'brgkt', 'karna': 'karna', 'terus': 'terus', 'emg': 'emg', 'perasaan': 'perasaan', 'ga': 'ga', 'menor': 'menor', 'kayak': 'kayak', 'natural': 'natural', 'gw': 'w', 'arab': 'arab', 'bedakan': 'bedakan', 'rumah': 'rumah', 'ganiat': 'malignan'}",4,4,0.8872,,,,,,,,,
1,"Hai para penghujat KPOPers. Aku pikir musik itu selera, kaya makan mie instan, kamu suka mie sedap aku suka indomie. Aku suka korean, kalian suka pop, ada yg dandut, and more ~ simpel sekali ~ hanya masalah pilihan yg nyaman di telinga aja kok.","Hai para penghujat KPOPers. Aku pikir musik itu selera, kaya makan mie instan, kamu suka mie sedap aku suka indomie. Aku suka korean, kalian suka pop, ada yg dandut, and more ~ simpel sekali ~ hanya masalah pilihan yg nyaman di telinga aja kok.",1.0,4,[0.1169 0.1039 0.1736 0.0216 0.584 ],4,[0.1169 0.1039 0.1736 0.0216 0.584 ],,2,2,0.21,,,,,,,,,
2,"tiap kali baca kisah2 zaman nabi, rasa jatuh cinta dgn semuaaaaa. mlm ni baca saidina umar dlm hati... ya allah saidina umar ",tiap kali baca kisah2 era rasa jatuh cinta dgn mlm ni baca saidina umar dlm ya Tuan saidina umar,0.9023459553718568,2,[0.0062 0.0011 0.9804 0.005  0.0074],2,[0.0058 0.001  0.9462 0.0038 0.0431],"{'cinta': 'cinta', 'baca': 'baca', 'ni': 'ni', 'jatuh': 'jatuh', 'allah': 'Tuan', 'zaman': 'era', 'mlm': 'mlm', 'saidina': 'saidina', 'umar': 'umar'}",2,2,0.4342,,,,,,,,,
0,"[USERNAME] [USERNAME] Anak sipil kuliah 4tahun buat lulus ada jerih payah tiap detiknya, cuma dinyirnyirin gak jelas gini, ya Allah ya Rabb, mulut netizen Maha Benar memang :""","[USERNAME] [USERNAME] Anak sipil kuliah 4tahun buat lulus ada jerih payah tiap detiknya, cuma dinyirnyirin gak jelas gini, ya Allah ya Rabb, mulut netizen Maha Benar memang :""",1.0,1,[0.091  0.9048 0.0013 0.002  0.001 ],1,[0.091  0.9048 0.0013 0.002  0.001 ],,0,0,0.13,,,,,,,,,
2,buat aku juga kan eh ada mas adi makasih :3 semangat ya buat kamu :,buat aku juga kan eh ada mas adi makasih :3 semangat ya buat kamu :,1.0,4,[3.800e-03 9.000e-04 2.400e-02 2.200e-03 9.691e-01],4,[3.800e-03 9.000e-04 2.400e-02 2.200e-03 9.691e-01],,4,4,0.06,,,,,,,,,
3,[askmf] kamu kalo pergi ke psikolog pertamanya ngomong apaan? Kan aku mau jelasin terus dia tiba-tiba motong ucapanku. Tapi dia tau masalahku lewat tes gitu. Cuman aku takut nggak diperhatikan bgt gitu.(?),kamu kalo pergi ke psikolog pertamanya ngomong Kan aku mau jelasin terus dia motong Tapi dia tahu masalahku lewat tes Cuman aku takut nggak diperhatikan bgt,0.962355613708496,3,[0.0034 0.0062 0.0022 0.9866 0.0017],3,[0.0044 0.0171 0.0017 0.9753 0.0015],"{'cuman': 'cuman', 'nggak': 'nggak', 'psikolog': 'psikolog', 'kan': 'kan', 'tau': 'tahu', 'pertamanya': 'pertamanya', 'tapi': 'tetapi', 'jelasin': 'jelasin', 'tes': 'tes'}",3,3,0.672,,,,,,,,,
4,"Self Titled - Bin Idris (2016) Q tau mz haikal cs jago bgt bikin ambience jd nada di Sigmun, di album ini w kaget soalnya lagu2nya sm ambience di MV nya bener2 persis sm apa yg gue bayangin pas denger lagunya. Keren. W suka lagu Dalam Wangi, Calm Water, Rebahan",Self Titled Bin Idris Q tau mz haikal cs jago hebat bikin ambience jd nada di di album ini w kaget soalnya lagu2nya sm ambience di MV miliknya bener2 persis sm apa yg saya bayangin pas denger W suka lagu Dalam Calm Rebahan,0.956162452697754,4,[1.700e-03 5.000e-04 6.800e-03 1.200e-03 9.897e-01],4,[0.0134 0.0019 0.0292 0.004  0.9514],"{'kaget': 'kaget', 'w': 'w', 'rebahan': 'rebahan', 'titled': 'bertajuk', 'sm': 'sm', 'bin': 'bin', 'bgt': 'hebat', 'jago': 'jago', 'mz': 'mz', 'cs': 'cs', 'suka': 'suka', 'gue': 'saya', 'mv': 'mv', 'haikal': 'haikal', 'idris': 'idris', 'dalam': 'dalam', 'pas': 'pas', 'nya': 'miliknya', 'album': 'album', 'denger': 'denger', 'lagu': 'lagu', 'jd': 'jd'}",4,4,1.6492,,,,,,,,,
0,"[USERNAME] 1minggu sebelum bapak meninggal agak sedikit membuat bapak marah, dan penyesalanku adalah blm sempat meminta maaf sampai bapak meninggal",1minggu sebelum bapak meninggal agak sedikit membuat bapak dan penyesalanku adalah blm sempat meminta maaf sampai bapak meninggal,0.9445483684539796,0,[9.897e-01 3.200e-03 1.700e-03 4.500e-03 9.000e-04],0,[0.9816 0.0021 0.0046 0.009  0.0027],"{'meninggal': 'meninggal', 'penyesalanku': 'penyesalanku', 'maaf': 'maaf'}",0,0,0.7282,,,,,,,,,
0,"Throwback video Launching lagu takkan terhenti disini, di tahun 2010, dimana salah satu kaka saya yg ada di video ini sudah meninggal 3 thn lalu. Hoek hiks. [USERNAME] [USERNAME] [URL]",Throwback video Launching lagu takkan terhenti di tahun dimana salah satu kaka saya yg ada di video ini sudah meninggal 3 thn Hoek,0.9333333969116212,0,[9.774e-01 7.000e-04 2.600e-03 6.200e-03 1.300e-02],0,[0.9366 0.0024 0.0048 0.0133 0.0429],"{'hoek': 'cangkuk', 'kaka': 'kaka', 'video': 'video', 'lagu': 'lagu', 'thn': 'thn', 'yg': 'yg'}",0,0,0.7629,,,,,,,,,
0,"[USERNAME] [USERNAME] [USERNAME] [USERNAME] Betul mas. Sayapun kecewa, karena Rahtawu merupakan salah satu objek alam yang menjadi favorit masyarakat Kudus.",Betul Sayapun karena Rahtawu merupakan salah satu objek alam yang menjadi favorit Lay,0.5944392085075378,0,[0.5129 0.4749 0.0019 0.0048 0.0055],4,[0.1602 0.1018 0.1451 0.0637 0.5292],{'masyarakat': 'Lay'},4,0,0.5575,,,,,,,,,
1,"Makanya pernah saya sampaikan kepada anda [USERNAME] jangan kebanyakan baca novel, nonton film dan nonton mak lampir, pahami saja KESELURUHAN isi Kitab Suci Al-Qur'an. Akhirnya anda nyasar kan ? ......... I T U. [URL]",Makanya pernah saya sampaikan kepada anda jangan kebanyakan baca menonton film dan menonton mak pahami saja KESELURUHAN isi Kitab Suci Akhirnya anda sesat kan I T,0.906250298023224,1,[1.040e-02 9.816e-01 4.000e-04 7.100e-03 5.000e-04],1,[6.400e-03 9.869e-01 3.000e-04 5.400e-03 1.000e-03],"{'pahami': 'pahami', 'suci': 'suci', 't': 't', 'akhirnya': 'akhirnya', 'nyasar': 'sesat', 'mak': 'mak', 'nonton': 'menonton', 'i': 'i', 'baca': 'baca'}",1,1,0.7323,,,,,,,,,
4,"Hepibesdey mbaak canteeeekk [USERNAME] panjang umur, sehat selalu serta mulia dan jadi pribadi yang jauh lebih baik tetep mentel yee tapi jangan jadi simpenan orang",Hepibesdey mbaak canteeeekk panjang sihat selalu serta mulia dan jadi pribadi yang jauh lebih baik tinggal mentel yee tapi jangan jadi simpenan orang,0.9666229486465454,4,[0.0013 0.0014 0.0025 0.0026 0.9922],4,[0.0029 0.0046 0.0047 0.0152 0.9726],"{'tetep': 'tinggal', 'canteeeekk': 'canteeeekk', 'orang': 'orang', 'sehat': 'sihat', 'mulia': 'mulia', 'hepibesdey': 'hepibesdey'}",4,4,0.8504,,,,,,,,,
1,[USERNAME] [USERNAME] [USERNAME] udah mirip ama sodara anjingnya lu cuuk jancuk hahahaha itu pribadi bukan golongan tagih gih ama orangnya hahahaha #BonekSelamanyaJancok,udah mirip ama sodara anjingnya lu cuuk jancuk hahahaha itu pribadi bukan golongan tagih gih ama orangnya hahahaha,0.8238250613212585,1,[1.200e-03 9.969e-01 5.000e-04 4.000e-04 9.000e-04],1,[1.600e-03 9.957e-01 1.100e-03 5.000e-04 1.100e-03],"{'udah': 'udah', 'anjingnya': 'anjingnya', 'lu': 'lu', 'ama': 'ama', 'sodara': 'sodara', 'tagih': 'tagih', 'golongan': 'golongan', 'jancuk': 'jancuk'}",1,1,0.4973,,,,,,,,,
4,Kecerian Bersama Teman-teman BARU itu sangat Mengasikkan. . #KeluargaBaru . Salam Gowes [USERNAME] [URL] republiksepeda mtb_indo bikestable [USERNAME] gowesnusantara gowes_holic,Kecerian Bersama BARU itu sangat Salam Gowes republiksepeda bikestable gowesnusantara,0.696214497089386,4,[1.300e-03 1.600e-03 4.200e-03 8.000e-04 9.921e-01],4,[0.0025 0.0023 0.0042 0.0012 0.9899],"{'kecerian': 'kegembiraan', 'baru': 'baru', 'bikestable': 'bikestable', 'republiksepeda': 'republiksepeda'}",4,4,0.4892,,,,,,,,,
1,"[USERNAME] [USERNAME] [USERNAME] [USERNAME] [USERNAME] [USERNAME] yg penting janji itu di buktikan dgn kerja nyata, bukan hanya diucapkan saja....jgn pas pilkada dekat dgn rakyat, bila sudah terpilih...lupakan janji itu....kita tunggu saja .....",yg penting janji itu di buktikan dgn kerja bukan hanya diucapkan pas pilkada dekat dgn bila sudah janji tunggu saja,0.6525764465332031,1,[2.600e-03 9.948e-01 9.000e-04 1.000e-03 8.000e-04],1,[0.0115 0.9826 0.0012 0.0023 0.0025],"{'pas': 'pas', 'pilkada': 'pilkada', 'janji': 'janji', 'yg': 'yg', 'dgn': 'dgn'}",1,1,0.4759,,,,,,,,,
2,"Setelah lulus SMA papa akan sedikit memaksamh untuk menjadi dokter atau insinyur. Ketahuilah, bahwa seluruh paksaan yang dilakukan papa itu semata mata hanya karena memikirkan masa depanmu nanti. Tapi toh papa akan tersenyum dan mendukung saat pilihanmu tdk sesuai dgn papa.",Setelah lulus SMA papa akan sedikit memaksamh untuk menjadi dokter atau bahwa seluruh paksaan yang dilakukan papa itu semata mata hanya karena memikirkan masa depanmu Tapi toh papa akan tersenyum dan mendukung saat pilihanmu tdk sesuai dgn,0.9876939058303832,2,[0.0084 0.0011 0.9389 0.0037 0.0479],2,[0.0628 0.0041 0.8269 0.008  0.0982],"{'sesuai': 'sesuai', 'pilihanmu': 'pilihanmu', 'depanmu': 'depanmu', 'sma': 'sma', 'memaksamh': 'memaksamh', 'papa': 'papa', 'tapi': 'tetapi', 'memikirkan': 'memikirkan', 'setelah': 'setelah', 'tersenyum': 'tersenyum'}",2,2,0.5867,,,,,,,,,
4,"Nah hari ini kaka gue memutuskan naikin uang makan gue biar ga makan di kfc mulu, ga bergizi katanya. Dan di hari pertama uang makan gue naik, gue memilih buka puasa pake baso uang makan ada kembalian, hati happy. Makan mah yg penting bismillah",Nah hari ini kaka saya memutuskan naikin uang makan saya biar ga makan di kfc ga berkhasiat Dan di hari pertama uang makan saya saya memilih buka puasa pake baso uang makan ada hati Makan mah yg penting bismillah,0.9485692977905272,4,[1.200e-03 7.000e-04 1.500e-03 1.800e-03 9.949e-01],4,[0.016  0.0016 0.0029 0.0032 0.9762],"{'bismillah': 'bismillah', 'mah': 'mah', 'gue': 'saya', 'makan': 'makan', 'dan': 'dan', 'ga': 'ga', 'puasa': 'puasa', 'buka': 'buka', 'hati': 'hati', 'yg': 'yg', 'bergizi': 'berkhasiat', 'uang': 'uang', 'nah': 'nah', 'kaka': 'kaka'}",4,4,0.34,,,,,,,,,
1,"Jangan main2 dengan SARA. Mereka yang bermain dengan SARA apalagi mendekati tahun politik, hampir dapat di pasti ujungnya konflik. [URL]",Jangan main2 dengan Mereka yang bermain dengan SARA apalagi mendekati tahun hampir dapat di pasti habis,0.9112350940704346,1,[4.400e-03 9.804e-01 8.000e-04 1.250e-02 1.800e-03],1,[5.900e-03 9.811e-01 7.000e-04 1.030e-02 1.800e-03],"{'jangan': 'jangan', 'ujungnya': 'habis', 'mereka': 'mereka'}",1,1,0.2232,,,,,,,,,
1,SIAPA YG BILANG PUNYA ANAK MENYENANGKAN TEROS *sodorin anak yg tantrum karna ngantuk tp gak mau bobo* *istigfar kenceng2*,SIAPA YG BILANG PUNYA ANAK MENYENANGKAN TEROS anak yg tantrum karna ngantuk tp tidak mau,0.9506007432937622,1,[0.2308 0.5601 0.0083 0.1964 0.0044],0,[0.6202 0.0574 0.0285 0.0211 0.2727],"{'menyenangkan': 'menyenangkan', 'yg': 'yg', 'anak': 'anak', 'punya': 'punya', 'tantrum': 'tantrum', 'gak': 'tidak'}",0,3,0.4161,,,,,,,,,
2,Jadi demen sama oppa ini huhuhuhu,Jadi demen sama oppa ini huhuhuhu,1.0,2,[0.0091 0.0045 0.6793 0.0023 0.3047],2,[0.0091 0.0045 0.6793 0.0023 0.3047],{'jadi': 'jadi'},2,2,0.4004,,,,,,,,,
0,"Lebih baik mendengar suara bom, guntur, geledek, petir, atau gunung meletus daripada mendengar suara tangismu yang buat aku tak bisa berbuat apa-apa.",Lebih baik mendengar suara atau gunung meletus daripada mendengar suara tangismu yang buat aku tak bisa berbuat,0.9652160406112672,0,[0.7786 0.0051 0.1628 0.0414 0.0121],0,[0.7714 0.0111 0.1863 0.0257 0.0055],"{'meletus': 'meletus', 'tangismu': 'tangismu', 'berbuat': 'berbuat', 'lebih': 'lebih', 'mendengar': 'mendengar'}",2,2,0.435,,,,,,,,,
3,"[USERNAME] jujur iya aku takut, soalnya aku takut keciduk pas naik/turun dari mobil di suatu tempat :))) om aku driver ojol takutnya beliau liat :)))",jujur iya aku soalnya aku takut keciduk pas dari mobil di suatu tempat om aku driver ojol takutnya dia liat,0.9598102569580078,3,[1.700e-03 9.000e-04 1.700e-03 9.931e-01 2.500e-03],3,[0.0016 0.0015 0.002  0.9918 0.0031],"{'liat': 'liat', 'keciduk': 'keciduk', 'pas': 'pas', 'mobil': 'mobil', 'iya': 'iya', 'takutnya': 'takutnya', 'beliau': 'dia'}",3,3,0.4483,,,,,,,,,
1,Pecinta kpop salty? Ya siapa sih yg suka every one insulting things or people whom you passionate about Lo nya aja otaknya pada gaada . EQ nya jongkok Belajar menghargai . Percuma belajar ppkn,Pecinta kpop Ya siapa neraka yg suka every one insulting things or people whom you passionate tentang Lo miliknya aja otaknya pada gaada EQ miliknya jongkok Belajar menghargai Percuma belajar ppkn,0.9374369978904724,1,[3.000e-03 9.955e-01 7.000e-04 4.000e-04 4.000e-04],1,[1.100e-02 9.873e-01 6.000e-04 6.000e-04 5.000e-04],"{'ppkn': 'ppkn', 'suka': 'suka', 'yg': 'yg', 'lo': 'lo', 'percuma': 'percuma', 'passionate': 'passionate', 'about': 'tentang', 'sih': 'neraka', 'pecinta': 'pecinta', 'whom': 'whom', 'every': 'every', 'aja': 'aja', 'kpop': 'kpop', 'nya': 'miliknya', 'menghargai': 'menghargai', 'one': 'one', 'belajar': 'belajar'}",1,1,0.5444,,,,,,,,,
1,"Lambat laun kok makin ga jelas dan semakin kurang ajar. Gw sabar. Jujur ya, gw ga pernah dan ga mau scr frontal maki org. Gw blg baik2, nasehatin. Scr adek2.",Lambat laun kok makin ga jelas dan semakin kurang Gw Jujur w ga pernah dan ga mau scr frontal maki Gw blg Scr,0.9601316452026368,1,[2.500e-03 9.958e-01 7.000e-04 7.000e-04 3.000e-04],1,[3.000e-03 9.954e-01 5.000e-04 9.000e-04 2.000e-04],"{'scr': 'scr', 'maki': 'maki', 'gw': 'w', 'blg': 'blg', 'ga': 'ga'}",1,1,0.4504,,,,,,,,,
3,"BESOK UDAH MULAI KERJA YAAMPUN, DAG DIG DUG TAKUT SUSAH BANGUN UDAH MULAI KERJA JAM 6 PAGI, SAMPE BIKIN ALARM KAYA GINI TAKUT GA BISA BANGUN PFFFT. [URL]",BESOK UDAH MULAI KERJA DAG DIG DUG TAKUT SUSAH BANGUN UDAH MULAI KERJA JAM 6 SAMPE BIKIN ALARM KAYA GINI TAKUT GA BISA BANGUN,0.9501848220825196,3,[2.400e-03 7.000e-04 1.300e-03 9.941e-01 1.500e-03],3,[0.0023 0.0012 0.0019 0.9926 0.002 ],"{'bangun': 'bangun', 'alarm': 'alarm', 'kerja': 'kerja', 'mulai': 'mulai', 'besok': 'esok', 'dag': 'hari', 'jam': 'jam', 'takut': 'takut', 'udah': 'udah', 'dug': 'digali', 'susah': 'keras'}",3,3,2.113,,,,,,,,,
4,benar tidak-kangenya nanti bong lagi wakaka,benar tidak-kangenya nanti bong lagi wakaka,1.0,0,[0.7234 0.0084 0.0448 0.0153 0.2081],0,[0.7234 0.0084 0.0448 0.0153 0.2081],,0,0,0.12,,,,,,,,,
4,[USERNAME] suka skinship cuma ama pacar. peluk cium nangkring di paha duduk di pangkuan ya gitu deh wkwkw klo ama temen cwek agak canggung nyahah,[USERNAME] suka skinship cuma ama pacar. peluk cium nangkring di paha duduk di pangkuan ya gitu deh wkwkw klo ama temen cwek agak canggung nyahah,1.0,2,[0.0869 0.0019 0.5794 0.0176 0.3142],2,[0.0869 0.0019 0.5794 0.0176 0.3142],,2,2,0.13,,,,,,,,,
4,iya semoga itu karya terbaik mu adalah skripsi mu dan lucua2n mu tapi harapan aku dari kamu adalah kesembuhanmu nold,iya semoga itu karya terbaik mu adalah skripsi mu dan lucua2n mu tapi harapan aku dari kamu adalah kesembuhanmu nold,1.0,4,[0.2574 0.0053 0.2327 0.0248 0.4798],4,[0.2574 0.0053 0.2327 0.0248 0.4798],"{'terbaik': 'terbaik', 'harapan': 'harapan', 'mu': 'mu', 'skripsi': 'skripsi', 'iya': 'iya'}",2,2,0.4482,,,,,,,,,
2,"Aku tau berdoa itu bisa kapanpun dimanapun tapi dasarnya aku kangen terus jadi aku mau usahain tiap minggu ketemu papalove you so much daddy sayang papaa... Bersyukur pas papa masi hidup papa sama aku slalu sayang2an, ngomong sayang, cinta ya kita bkn lewat medsos doang [URL]",Aku tahu berdoa itu bisa kapanpun dimanapun tapi dasarnya aku kangen terus jadi aku mau usahain tiap minggu ketemu papalove you so much daddy sayang Bersyukur pas papa masi hidup papa sama aku slalu ngomong cinta ya kita bkn lewat medsos sahaja,0.9811499118804932,2,[7.000e-04 6.000e-04 9.943e-01 1.200e-03 3.300e-03],2,[8.000e-04 7.000e-04 9.955e-01 1.500e-03 1.400e-03],"{'cinta': 'cinta', 'doang': 'sahaja', 'papalove': 'papalove', 'berdoa': 'berdoa', 'tau': 'tahu', 'bersyukur': 'bersyukur', 'ngomong': 'ngomong', 'minggu': 'minggu', 'medsos': 'medsos', 'papa': 'papa', 'kangen': 'kangen', 'pas': 'pas', 'dimanapun': 'dimanapun', 'bkn': 'bkn', 'daddy': 'daddy'}",2,2,0.6031,,,,,,,,,
0,galau -> bingung mau ngpain tapi malas mau ngapain,terganggu bingung mau ngpain tapi malas mau ngapain,0.943688988685608,0,[0.9451 0.0051 0.0078 0.0249 0.0171],0,[0.7613 0.0239 0.0224 0.0881 0.1044],"{'galau': 'terganggu', 'malas': 'malas', 'ngapain': 'ngapain'}",0,0,0.4196,,,,,,,,,
0,Sumpahya ngeliat blekping jd pengen punya rambut panjang lagi hikz :( tapi sampe kapanpun rambut panjang w ga bakalan kayak mereka heeeft [URL],Sumpahya ngeliat blekping jd pengen punya rambut panjang lagi hikz tapi sampe kapanpun rambut panjang w ga bakalan kayak mereka heeeft,0.9753032922744752,0,[0.6418 0.0033 0.0549 0.1679 0.1321],4,[0.3451 0.0075 0.0386 0.0595 0.5492],"{'rambut': 'rambut', 'ngeliat': 'ngeliat', 'jd': 'jd', 'pengen': 'pengen', 'heeeft': 'heeeft'}",4,2,0.4521,,,,,,,,,
4,"Well, ternyata yg punya bali nature lumayan awet baunya. Td sore iseng usap2 di tangan trus ditempelin ke bantal. Ku tinggal pergi sejam 2 jam ehh baunya masih ninggal~ lumayan, alternatif untukku yg sering wahing kena farfumm~  [URL]",ternyata yg punya Bali nature lumayan awet Td sore iseng usap2 di tangan trus ditempelin ke Ku tinggal pergi sejam 2 jam ehh baunya masih alternatif untukku yg sering wahing kena,0.95033860206604,4,[6.000e-03 3.000e-04 3.000e-03 6.900e-03 9.838e-01],4,[0.0551 0.0017 0.0093 0.0705 0.8634],"{'untukku': 'untukku', 'kena': 'kena', 'ehh': 'ehh', 'tinggal': 'tinggal', 'pergi': 'pergi', 'ku': 'ku', 'tangan': 'tangan', 'nature': 'nature', 'sejam': 'sejam', 'jam': 'jam', 'yg': 'yg', 'trus': 'trus', 'awet': 'awet', 'bali': 'Bali'}",4,4,0.4886,,,,,,,,,
0,"Aliran darahku menghantarkan rasa rindu di sela-sela sel otakku yang terus berbisik untuk mengucapkannya, tapi aku tidak mampu, bahkan hanya untuk menyiratkannya. [URL]",Aliran darahku menghantarkan rasa rindu di sel otakku yang terus berbisik untuk tapi aku tidak bahkan hanya untuk,0.9398501515388488,0,[0.9318 0.0033 0.047  0.0149 0.0029],0,[0.8846 0.0054 0.0906 0.0156 0.0039],"{'berbisik': 'berbisik', 'menghantarkan': 'menghantarkan', 'sel': 'sel', 'rindu': 'rindu'}",0,0,0.3707,,,,,,,,,
2,"Cuma [USERNAME] yang ngerti cara nanganin aku kalau aku udh ngamuk2, sayang sama aku tanpa nyuruh aku buat berubah jd orang lain, sabar, pengertian, org yang selalu maju paling depan kalau ada yg macem2in aku",Cuma yang ngerti cara nanganin aku kalau aku Sudah sayang sama aku tanpa nyuruh aku buat berubah jd orang org yang selalu maju paling depan kalau ada yg macem2in aku,0.9841083288192748,2,[0.0063 0.0032 0.9794 0.0093 0.0017],2,[0.0061 0.0033 0.9841 0.0046 0.0018],"{'sayang': 'sayang', 'udh': 'Sudah', 'cuma': 'cuma', 'nyuruh': 'nyuruh', 'nanganin': 'nanganin', 'maju': 'maju', 'jd': 'jd'}",2,2,0.5457,,,,,,,,,
3,"Pertanyaan yg bakal ditanya nanti pas lebaran itu pasti begini ""galuh udah selesai? "" - Alhamdulillah udah bisa jawab. "" sekarang kerja dimana? "" - Alhamdulillah udah bisa jawab. "" kapan nikahnya? "" - Alhamdulillah, eum..itu..anu..eh.. ((JEDERRRRRRR))","Pertanyaan yg bakal ditanya nanti pas lebaran itu pasti begini ""galuh udah selesai? "" - Alhamdulillah udah bisa jawab. "" sekarang kerja dimana? "" - Alhamdulillah udah bisa jawab. "" kapan nikahnya? "" - Alhamdulillah, eum..itu..anu..eh.. ((JEDERRRRRRR))",1.0,0,[0.9101 0.007  0.0056 0.048  0.0292],0,[0.9101 0.007  0.0056 0.048  0.0292],,0,0,0.17,,,,,,,,,
3,"gara2 pernah baca orang ditelp cuma ditanya ""benar ini dengan (sebut nama yg ditelp)?"" dan si penerima jawab ""iya"" abis itu ditutup telpnya, sekarang tiap angkat tlp dr nomor ga dikenal selalu balik nanya dr siapa, perlu apa, sebelum jawab nama gue bener yg dia sebut. ngeri cuy",gara2 pernah baca orang ditelp cuma ditanya ini dengan nama yg dan si penerima jawab abis itu ditutup sekarang tiap lif tlp dr nomor ga dikenal selalu balik nanya dr perlu sebelum jawab nama saya bener yg dia ngeri cuy,0.975272536277771,3,[0.0079 0.0313 0.0018 0.9544 0.0046],3,[0.0066 0.0427 0.0015 0.946  0.0033],"{'nanya': 'nanya', 'nama': 'nama', 'yg': 'yg', 'dr': 'dr', 'dikenal': 'dikenal', 'ga': 'ga', 'gue': 'saya', 'tlp': 'tlp', 'baca': 'baca', 'angkat': 'lif', 'si': 'si'}",3,3,0.2333,,,,,,,,,
4,"Jadi sekarang bokap-nyokap gue ga ngasih THR gitu, Buat anak2, dia sedia snack, atau coklat kecil2 bungkusan gitu, buat dibagi, mirip2 Halloween di Amrik gitu lah",Jadi sekarang saya ga ngasih THR Buat dia sedia atau coklat kecil2 bungkusan buat mirip2 Halloween di Amrik gitu lah,0.9623008966445924,4,[0.209  0.0021 0.0091 0.0559 0.7239],4,[0.3975 0.0075 0.0092 0.0191 0.5667],"{'amrik': 'amrik', 'jadi': 'jadi', 'sedia': 'sedia', 'gue': 'saya', 'thr': 'thr', 'bungkusan': 'bungkusan', 'buat': 'buat'}",4,4,0.1371,,,,,,,,,
2,Yg romantis bikin gemash dan degdegann kkk pokoknya bikin senyum2 dan bikin aku pingin kiss attack! cowo romantis ada aja hal yg bakal dia lakuin buat patnernya aiguuuu fav bgt laki2 yg begitu,Yg romantis bikin gemash dan dedegann kkk pokoknya bikin senyum2 dan bikin aku mahu kiss cowo romantis ada aja hal yg bakal dia lakuin buat patnernya aiguuuu fav bgt laki2 yg begitu,0.990185022354126,2,[1.300e-03 8.000e-04 9.661e-01 1.000e-03 3.080e-02],2,[1.300e-03 8.000e-04 9.812e-01 8.000e-04 1.590e-02],"{'kiss': 'kiss', 'bikin': 'bikin', 'aiguuuu': 'aiguuuu', 'cowo': 'cowo', 'lakuin': 'lakuin', 'degdegann': 'dedegann', 'pingin': 'mahu', 'romantis': 'romantis', 'gemash': 'gemash', 'kkk': 'kkk'}",2,2,0.3832,,,,,,,,,
3,Ini pas banget! Gue habis baca buku ada bule PDKT bilang cariin rumah sama.mobil. dicariin mobil sama rumah mewah si bule Ok dan niat kirim uang sekitar $100jt tp pake pos. Bilang sama hadiah lain. Tp gak masuk akal kirim yang sebanyak itu pake pos [URL],Ini pas Gue habis baca buku ada bule PDKT katakan cariin rumah dicariin mobil sama rumah mewah si bule Ok dan niat hantar uang sekitar tp pake Bilang sama hadiah Tp gak masuk akal hantar yang sebanyak itu pake pos,0.9691370725631714,3,[0.1304 0.0319 0.0028 0.8063 0.0286],0,[0.4145 0.271  0.002  0.2794 0.0331],"{'rumah': 'rumah', 'kirim': 'hantar', 'mobil': 'mobil', 'habis': 'habis', 'pake': 'pake', 'bilang': 'katakan', 'bule': 'bule', 'niat': 'niat', 'pos': 'pos', 'gue': 'saya', 'ok': 'ok', 'hadiah': 'hadiah', 'dicariin': 'dicariin', 'mewah': 'mewah', 'pas': 'pas', 'pdkt': 'pdkt', 'ini': 'ini'}",0,3,0.5124,,,,,,,,,
2,"sesayang apaa? sayang banget banget bangeeeet sampe susah buat ngungkapinnya. dan sayangnya tuh beda banget ga kayak fans ke idol, tapi kayak ke saudara sendiri, kayak ke adek sendiri, kayak ke anak sendiri jugaa dan rela banget buat",sesayang sayang banget banget bangeeeet sampe susah buat dan sayangnya tuh beda banget ga kayak fans ke tapi kayak ke saudara kayak ke adek kayak ke anak sendiri jugaa dan rela banget buat,0.9821390509605408,2,[0.003  0.0038 0.9864 0.0056 0.0012],2,[0.0024 0.003  0.9898 0.0034 0.0014],"{'beda': 'beda', 'tuh': 'tuh', 'kayak': 'kayak', 'banget': 'banget', 'jugaa': 'jugaa', 'sesayang': 'sesayang', 'anak': 'anak', 'sampe': 'sampe', 'ga': 'ga', 'adek': 'adek'}",2,2,0.5831,,,,,,,,,
2,Selamat subuh untuk jiwa yang sedang merasakan teduh. Keluarlah ke suatu titik yang jika ketik kau berada pada titik itu kau merasa aku ada pada hatimu,Selamat subuh untuk jiwa yang sedang merasakan Keluarlah ke suatu titik yang jika taip kau berada pada titik itu kau merasa aku ada pada hatimu,0.9950990676879884,2,[0.0936 0.002  0.8134 0.0079 0.0832],2,[0.3588 0.0049 0.6015 0.0146 0.0202],"{'keluarlah': 'keluar', 'kau': 'kau', 'titik': 'titik', 'merasakan': 'merasakan', 'ketik': 'taip'}",2,2,0.6047,,,,,,,,,
3,"Lagi tiduran sambil main hp, tiba2 kasur kok goyang. Karna malam ini tidur sendiri di kamar yg blm beradaptasi sama 'penghuni kamar'nya, jadinya aku ngerasa takut dan berdoa dan baca ayat2. Kirain ada 'makhluk' mau gangguin tidurku.",Lagi tiduran sambil main tiba2 kasur kok Karna malam ini tidur sendiri di kamar yg blm beradaptasi sama jadinya aku ngerasa takut dan berdoa dan baca Kirain ada mau gangguin,0.972809076309204,3,[3.400e-03 9.000e-04 2.900e-03 9.901e-01 2.800e-03],3,[0.0029 0.0013 0.0022 0.9915 0.002 ],"{'takut': 'takut', 'gangguin': 'gangguin', 'kasur': 'kasur', 'malam': 'malam', 'tiduran': 'tiduran', 'ngerasa': 'ngerasa', 'beradaptasi': 'beradaptasi', 'main': 'main', 'berdoa': 'berdoa', 'kamar': 'kamar'}",3,3,0.4682,,,,,,,,,
0,"kenangan SMA, tiap pulang sekolah sebelum pulang minta uang ke temen2 cewek masing2 seribu bilangnya buat bensin, tapi malah nyasar ke warung nongki beli udud hahahahah :(",kenangan tiap pulang sekolah sebelum pulang minta uang ke temen2 perempuan masing2 seribu katakan buat tapi malah sesat ke warung nongki beli udud hahahahah,0.949691891670227,0,[0.9723 0.0014 0.0028 0.008  0.0155],0,[0.7806 0.0094 0.0059 0.0122 0.1918],"{'pulang': 'pulang', 'nyasar': 'sesat', 'seribu': 'seribu', 'bilangnya': 'katakan', 'warung': 'warung', 'cewek': 'perempuan'}",4,0,0.4396,,,,,,,,,
1,"[USERNAME] Kalah sudah kalah pamor ya beginilah jadinya, ngomongnya asal njeplak Wae, melemahkan seseorang, menciptakan ujaran kebencian, menyebarkan berita HOAK dll. Tak pantaslah seorang yang katanya tokoh nasional di negeri ini, bicaranya selalu k",Kalah sudah kalah pamor ya beginilah ngomongnya asal njeplak melemahkan menciptakan ujaran menyebarkan berita HOAK Tak pantaslah seorang yang katanya tokoh nasional di negeri bicaranya selalu k,0.9007912874221802,1,[4.500e-03 9.939e-01 7.000e-04 5.000e-04 4.000e-04],1,[5.100e-03 9.931e-01 6.000e-04 6.000e-04 6.000e-04],"{'pantaslah': 'pantaslah', 'ngomongnya': 'ngomongnya', 'menyebarkan': 'menyebarkan', 'hoak': 'penipuan', 'kalah': 'kalah', 'berita': 'berita', 'tak': 'tak', 'melemahkan': 'melemahkan', 'ya': 'ya', 'menciptakan': 'menciptakan', 'pamor': 'pamor'}",1,1,0.4761,,,,,,,,,
1,[USERNAME] [USERNAME] Ini Negara Hukum. Hkm hrs menjadi panglima. Jika ada yg tdk spendapat dgn apa yg dsampaikn Polri lakukan upaya hukum drpd hny nyinyir saja.,Ini Negara Hkm hrs menjadi Jika ada yg tdk spendapat dgn apa yg dsampaikn Polri lakukan upaya hukum drpd hny nyinyir,0.9212945103645324,1,[6.800e-03 9.877e-01 5.000e-04 4.600e-03 5.000e-04],1,[8.000e-03 9.876e-01 5.000e-04 3.200e-03 8.000e-04],"{'yg': 'yg', 'ini': 'ini', 'hukum': 'hukum', 'lakukan': 'lakukan', 'upaya': 'upaya', 'nyinyir': 'nyinyir', 'hrs': 'hrs', 'polri': 'polri', 'dgn': 'dgn', 'hkm': 'hkm'}",1,1,0.5988,,,,,,,,,
1,"Pan sini mau belajar bayar pajak yg bener ya.. kalo ga tau, nanya nanya ya pastilah datang ke kantor pajak. Ndak dapat pencerahan malah dapetnya emosi. Kalo males bayar pajak karena ribet, tar jadi masalah lagi.. Kan lucu..",Pan sini mau belajar bayar pajak yg betul kalo ga nanya nanya ya pastilah datang ke kantor Ndak dapat pencerahan malah dapetnya Kalo males bayar pajak karena tar jadi masalah Kan,0.9658223390579224,1,[1.140e-02 9.808e-01 5.000e-04 6.300e-03 1.000e-03],1,[0.0611 0.8595 0.0016 0.0739 0.004 ],"{'bener': 'betul', 'ga': 'ga', 'pan': 'pan', 'nanya': 'nanya', 'pajak': 'pajak', 'bayar': 'bayar', 'ya': 'ya', 'kalo': 'kalo', 'yg': 'yg', 'kan': 'kan'}",1,1,0.4661,,,,,,,,,
2,"Neng,cinta Abang ke Eneng tuh seujung kuku..kecil tp slalu tumbuh tiap hari.",Abang ke Eneng tuh seujung tp sentiasa tumbuh tiap,0.7442890405654907,2,[0.0013 0.0018 0.99   0.0047 0.0023],2,[0.0064 0.0011 0.9858 0.0019 0.0047],"{'slalu': 'sentiasa', 'tumbuh': 'tumbuh', 'eneng': 'eneng', 'seujung': 'seujung'}",2,2,0.3873,,,,,,,,,
2,ku tatap wajahmu saat pertama kita bertemu terasa bergetar jiwaku saat kau tersenyum padaku i love u. #ARMYSelcaDay [USERNAME],ku tatap wajahmu saat pertama kita bertemu terasa bergetar jiwaku saat kau tersenyum padaku i love,0.9397164583206176,2,[1.500e-03 8.000e-04 9.957e-01 1.000e-03 1.000e-03],2,[0.002  0.0011 0.9949 0.001  0.0011],"{'love': 'love', 'i': 'i', 'tersenyum': 'tersenyum', 'padaku': 'padaku', 'kau': 'kau', 'tatap': 'tatap'}",2,2,0.4658,,,,,,,,,
1,"Lalu bagaimana dengan negara? Mereka akan kehilangan banyak pendapatan dari cukai rokok. Hutang negara akan semakin banyak. Ah, itu kan hanya pembenaranmu saja. Coba lihat ini! Bagaimana? Apa pendapatmu masih sama? [URL]",Lalu bagaimana dengan Mereka akan kehilangan banyak pendapatan dari cukai Hutang negara akan semakin itu kan hanya pembenaranmu Coba lihat Apa pendapatmu masih,0.960929274559021,1,[2.910e-02 9.678e-01 7.000e-04 1.900e-03 6.000e-04],1,[0.0364 0.922  0.0133 0.0232 0.0051],"{'pembenaranmu': 'pembenaranmu', 'lihat': 'lihat', 'negara': 'negara', 'mereka': 'mereka', 'lalu': 'kemudian', 'apa': 'apa', 'hutang': 'hutang'}",1,1,0.4784,,,,,,,,,
0,"Jangan sengaja menghilang jika hanya sekedar ingin dicari,satu hal yang perlu kamu ketahui bahwa yang hilang tak selalu dicari tapi juga bisa diganti.",Jangan sengaja menghilang jika hanya sekedar ingin hal yang perlu kamu ketahui bahwa yang hilang tak selalu carilah tapi juga bisa,0.9784140586853028,0,[0.8011 0.0048 0.0916 0.0561 0.0464],0,[0.856  0.0057 0.0138 0.0999 0.0246],"{'menghilang': 'menghilang', 'hilang': 'hilang', 'dicari': 'carilah', 'ketahui': 'ketahui'}",0,2,0.4232,,,,,,,,,
0,"Helloo, Liburan Kapan Liburan... Kerja teyuss, Lebaran pun ON teyus Liburan Sekolah udah mau Selesai  elisoulea . . . . . #kapanliburanlagi",Liburan Kapan Kerja Lebaran pun ON teyus Liburan Sekolah udah mau Selesai elisoulea,0.9440407156944276,0,[0.9835 0.0095 0.001  0.0034 0.0027],4,[0.0773 0.0075 0.0114 0.0066 0.8972],"{'elisoulea': 'elisoulea', 'udah': 'udah'}",4,0,0.4554,,,,,,,,,
1,[USERNAME] Coba dikasih jelas ke [USERNAME] dan pasukan nya.... biar ga ngebubarin pengajiannya Ust [USERNAME] dgn alasan HTI ormas terlarang [URL],Coba dikasih jelas ke dan pasukan biar ga ngebubarin pengajiannya Ust dgn alasan HTI ormas terlarang,0.7543878555297852,1,[5.900e-03 9.864e-01 6.000e-04 6.600e-03 4.000e-04],1,[7.200e-03 9.774e-01 8.000e-04 1.380e-02 8.000e-04],"{'terlarang': 'terlarang', 'ormas': 'ormas', 'coba': 'coba', 'ngebubarin': 'ngebubarin', 'hti': 'hti', 'dikasih': 'dikasih', 'pasukan': 'pasukan'}",1,1,0.4634,,,,,,,,,
4,Mau Ngucapin Happy Birthday yg ke 24 buat de' Nursehah. smoga berkah umur &amp,Mau Ngucapin Happy Birthday yg ke 24 buat smoga berkah umur,0.929198443889618,4,[4.800e-03 6.000e-04 2.200e-03 1.700e-03 9.907e-01],4,[0.0153 0.0022 0.0031 0.005  0.9744],"{'umur': 'umur', 'happy': 'happy', 'birthday': 'birthday', 'ngucapin': 'ngucapin'}",4,4,0.4013,,,,,,,,,
3,"Takut semester ini gak bakalan maksimal. Belajar yang seharusnya 2 semester satu tahun jadi cuma 6 bulan. Pulang sore berangkat pagi, pkl 6 bulan. Alamat setres dadakan.",Takut semester ini tidak bakalan Belajar yang seharusnya 2 semester satu tahun jadi cuma 6 Pulang sore berangkat pkl 6 Alamat tekanan,0.9539766311645508,3,[9.700e-03 1.600e-03 9.000e-04 9.865e-01 1.400e-03],3,[0.0382 0.0185 0.0079 0.9279 0.0074],"{'setres': 'tekanan', 'semester': 'semester', 'belajar': 'belajar', 'gak': 'tidak', 'pkl': 'pkl', 'alamat': 'alamat'}",3,3,0.1503,,,,,,,,,
1,"Rasional juga cara pikir Yassona, karena partainya paling banyak koruptor pak",Rasional juga cara pikir karena partainya paling banyak koruptor pak,0.9830312132835388,1,[0.1953 0.7567 0.0017 0.0147 0.0316],1,[0.1611 0.7848 0.0028 0.0242 0.0271],"{'koruptor': 'koruptor', 'rasional': 'rasional'}",1,1,0.1174,,,,,,,,,
0,"Daun yang jatuh tak pernah membenci angin, dia membiarkan dirinya jatuh begitu saja. Tak melawan, mengikhlaskan semuanya. Bahwa hidup harus menerima, penerimaan yang indah.","Daun yang jatuh tak pernah membenci angin, dia membiarkan dirinya jatuh begitu saja. Tak melawan, mengikhlaskan semuanya. Bahwa hidup harus menerima, penerimaan yang indah.",1.0,2,[0.1712 0.002  0.7831 0.0039 0.0399],2,[0.1712 0.002  0.7831 0.0039 0.0399],,2,2,0.03,,,,,,,,,
1,ish sialan sangat punya teman macam kamu hahaha xp,ish sialan sangat punya teman macam kamu hahaha xp,1.0000001192092896,1,[0.1677 0.767  0.0135 0.0431 0.0088],1,[0.1677 0.767  0.0135 0.0431 0.0088],"{'xp': 'xp', 'ish': 'ish', 'hahaha': 'hahaha'}",1,1,0.1135,,,,,,,,,
1,Asal ngomong dan udah pasti ngawur. Kasihan PKI dijadikan kambing hitam terooos.,Asal ngomong dan udah pasti Kasihan PKI dijadikan kambing hitam,0.9514166116714478,1,[0.0129 0.9834 0.001  0.0017 0.001 ],1,[0.1596 0.8164 0.0062 0.0054 0.0124],"{'pki': 'pki', 'hitam': 'hitam', 'kambing': 'kambing', 'udah': 'udah'}",1,1,0.1134,,,,,,,,,
4,"karna kesiangan, lapar dan belum mandi. pagi ini ku memulai hari dengan menguji kemultitaskingan diri sendiri dengan memasak mie sekaligus mandi :) nyalain kompor, masukin telor + mie. lalu ku mandi~ beres mandi, mie pun beres.",karna lapar dan belum pagi ini ku memulai hari dengan menguji kemultitaskingan diri sendiri dengan memasak mie sekaligus mandi nyalain masukin telor lalu ku beres mie pun,0.962866485118866,4,[8.300e-03 6.000e-04 3.300e-03 2.100e-03 9.857e-01],4,[0.1359 0.0047 0.0174 0.0471 0.7949],"{'karna': 'karna', 'mie': 'mie', 'pagi': 'pagi', 'menguji': 'menguji', 'telor': 'telor', 'ku': 'ku', 'masukin': 'masukin', 'nyalain': 'nyalain'}",4,4,0.1793,,,,,,,,,
1,"[USERNAME] biasanya jam segini sinyal bagus... Nah ini tetap aka buruk, Sama kayak d siang hari.... Semakin hari Kualitas Sinyal Smkin kacauu","[USERNAME] biasanya jam segini sinyal bagus... Nah ini tetap aka buruk, Sama kayak d siang hari.... Semakin hari Kualitas Sinyal Smkin kacauu",1.0,0,[0.7489 0.2086 0.0012 0.0346 0.0067],0,[0.7489 0.2086 0.0012 0.0346 0.0067],,0,0,0.04,,,,,,,,,
3,"Khawatir sih, takut terjadi yang aneh2 ama dia. Tapi aku tetap ngekeh ngga mau hubungi dia dulu.",Khawatir takut terjadi yang aneh2 ama Tapi aku tetap ngekeh ngga mau hubungi dia,0.948648989200592,3,[0.0033 0.0015 0.0032 0.991  0.001 ],3,[0.0071 0.004  0.0034 0.9843 0.0012],"{'khawatir': 'khawatir', 'takut': 'takut', 'hubungi': 'hubungi'}",3,3,0.1261,,,,,,,,,
3,[USERNAME] Hihi itu kok nyeremin banget ya. Juur sih aku ga percaya gitu gituan tapi jujur juga kalo sendiri gue ngrasa takut. #Trans7RumahUya2507 #RumahUya2507,Hihi itu kok nyeremin banget Juur neraka aku ga percaya gitu gituan tapi jujur juga kalo sendiri gue ngrasa,0.9543619155883788,3,[0.0017 0.0012 0.0021 0.9924 0.0025],3,[0.0693 0.0074 0.0055 0.9164 0.0014],"{'hihi': 'hihi', 'ga': 'ga', 'kalo': 'kalo', 'ngrasa': 'ngrasa', 'gituan': 'gituan', 'gitu': 'gitu', 'sih': 'neraka'}",3,3,0.2451,,,,,,,,,
0,"Generasi Jara Pacoa . . Terik pagi tadi mengantarkan saya ke sebuah pantai yang sudah termasyhur namanya di bima yaitu pantai Kalaki, pantai yang tidak seindah pada masanya sekarang di [URL]",Generasi Jara Pacoa Terik pagi tadi mengantarkan saya ke sebuah pantai yang sudah termasyhur namanya di bima yaitu pantai pantai yang tidak seindah pada masanya sekarang di,0.9721205830574036,0,[0.8106 0.0022 0.0081 0.0115 0.1676],0,[0.8918 0.0074 0.0067 0.0138 0.0803],"{'masanya': 'masanya', 'terik': 'panas', 'pantai': 'pantai', 'bima': 'bima', 'generasi': 'generasi', 'namanya': 'namanya'}",0,0,0.5466,,,,,,,,,
4,[USERNAME] waduuuh udahlah rame pisan kalo ibu ibu snsd qu ngerumpul semua haduu tapi gapapa yakk?? tar aku kirim ke gdm yaakkk lah iya wkwk udah di follback ya sayang quuu,waduuuh udahlah rame pisan kalo ibu ibu snsd qu ngerumpul semua haveuu tapi gapapa tar aku hantar ke gdm yaakkk lah iya wkwk udah di follback ya sayang quuu,0.9645261764526368,4,[0.0028 0.0011 0.4495 0.0037 0.5429],4,[0.0046 0.002  0.3548 0.0028 0.6358],"{'tar': 'tar', 'qu': 'qu', 'kirim': 'hantar', 'rame': 'rame', 'haduu': 'haveuu', 'wkwk': 'wkwk', 'iya': 'iya', 'gapapa': 'gapapa', 'snsd': 'snsd', 'ngerumpul': 'ngerumpul', 'gdm': 'gdm', 'pisan': 'pisan'}",2,2,0.5267,,,,,,,,,
1,"Mau seberapa hebat akses komunikasi berbasis internet, sebuah pemberitahuan yang di kabarkan dalam bentuk cetak dan dapat di konsumsi umum justru lebih di butuhkan tanpa harus peduli jumlah kuota. Tinggal tempel, apa susahnya? Tolonglah jangan dipersulit urusan yang mudah itu...",Mau seberapa hebat akses komunikasi berbasis sebuah pemberitahuan yang di kabarkan dalam bentuk cetak dan dapat di konsumsi umum justru lebih di butuhkan tanpa harus peduli jumlah Tinggal apa Tolonglah jangan dipersulit benda yang mudah,0.9608523845672609,1,[0.056  0.9344 0.0049 0.0036 0.0011],1,[0.2637 0.6915 0.0267 0.0122 0.006 ],"{'tolonglah': 'tolonglah', 'mau': 'mau', 'urusan': 'benda', 'pemberitahuan': 'pemberitahuan', 'hebat': 'hebat', 'konsumsi': 'konsumsi', 'berbasis': 'berbasis', 'mudah': 'mudah', 'bentuk': 'bentuk', 'tinggal': 'tinggal'}",1,1,0.6065,,,,,,,,,
1,"Dear [USERNAME] tolong dengan sangat, para driver di edukasi kembali. Kalo emang nomernya ganti, itu di info di aplikasi. Saya sampai harus cancel 2x karena driver tidak bisa dihub sama sekali (chat gak di bales & telp gak aktif). Terima kasih.",Dear tolong dengan para driver di edukasi Kalo emang nomernya itu di info di Saya sampai harus cancel 2x karena driver tidak bisa dihub sama sekali tidak di bales telp tidak Terima,0.9527819156646729,1,[1.910e-02 9.768e-01 1.100e-03 2.300e-03 7.000e-04],1,[4.200e-03 9.932e-01 6.000e-04 1.500e-03 5.000e-04],"{'terima': 'terima', 'nomernya': 'nomernya', 'kalo': 'kalo', 'edukasi': 'edukasi', 'emang': 'emang', 'gak': 'tidak', 'tolong': 'tolong', 'driver': 'driver', 'dihub': 'dihub'}",1,1,0.6792,,,,,,,,,
1,"Orang yg tidak dewasa adalah orang yg membenci mantannya (mantan pacar/suami) Mereka yg membenci mantan adalah yg tidak faham arti cinta dan kasih sayang. Malah gak jarang ada orang yg ngata-ngatain mantannya setan, anjing, babi, dll. Buset, dulu kenapa mau pacaran sama Setan ?",Orang yg tidak dewasa adalah orang yg benci mantannya Mereka yg benci mantan adalah yg tidak faham arti cinta dan cinta Malah gak jarang ada orang yg mantannya dulu kenapa mau pacaran sama Setan,0.9753493070602416,1,[1.867e-01 8.025e-01 4.200e-03 6.100e-03 6.000e-04],1,[0.4823 0.4867 0.0254 0.0045 0.001 ],"{'yg': 'yg', 'mereka': 'mereka', 'jarang': 'jarang', 'cinta': 'cinta', 'orang': 'orang', 'mantannya': 'mantannya', 'kasih': 'cinta', 'mantan': 'mantan', 'arti': 'arti', 'membenci': 'benci'}",0,0,0.6942,,,,,,,,,
3,"saking takut salah ngetik mo ngechat ke dosen wali, gue ngetiknya di note dulu setelah itu perbaiki-perbaiki-copy-paste ke roomchat-cek-cek-cek lagi-delete-buka note lagi-perbaiki-perbaiki-buka whatsapp-close-gajadi chat deh mules gue mo pup dulu aku lemah",saking takut salah ngetik mo ngechat ke pencerita saya ngetiknya di note dulu setelah itu ke note chat deh mules saya mo pup dulu aku lemah,0.948988676071167,3,[0.0079 0.0157 0.0011 0.9739 0.0014],3,[0.0035 0.0017 0.001  0.9927 0.001 ],"{'ngetik': 'ngetik', 'pup': 'pup', 'saking': 'saking', 'chat': 'chat', 'gue': 'saya', 'mo': 'mo', 'dosen': 'pencerita', 'deh': 'deh', 'note': 'note', 'salah': 'salah'}",3,3,0.7519,,,,,,,,,
1,[USERNAME] [USERNAME] [USERNAME] [USERNAME] [USERNAME] Naaahhhh keookkk kan.. ?? Bong terbang ke langit dululah jngan berkutat di kolam kerruh.!,[USERNAME] [USERNAME] [USERNAME] [USERNAME] [USERNAME] Naaahhhh keookkk kan.. ?? Bong terbang ke langit dululah jngan berkutat di kolam kerruh.!,1.0,3,[0.2621 0.1087 0.0059 0.6115 0.0118],3,[0.2621 0.1087 0.0059 0.6115 0.0118],,3,3,0.21,,,,,,,,,
0,Kangen mama :( buat temen2 yg masih ditemeni mamanya ataupun kedua ortu. Kalian sangat beruntung.. sayangi mrk selagi msh ada kesempatan [URL],Kangen mama :( buat temen2 yg masih ditemeni mamanya ataupun kedua ortu. Kalian sangat beruntung.. sayangi mrk selagi msh ada kesempatan [URL],1.0,2,[0.1096 0.0015 0.8349 0.0072 0.0468],2,[0.1096 0.0015 0.8349 0.0072 0.0468],,2,2,0.13,,,,,,,,,
4,Bahagia itu jika beli paketan segiga dan nyatanya sampai saat ini habis lebih dari limagiga dan masih lancar buat internetan. Mayanlah wkwk eh Alhamdulillah,Bahagia itu jika beli paketan segiga dan nyatanya sampai saat ini habis lebih dari limagiga dan masih lancar buat Mayanlah wkwk eh Alhamdulillah,0.9950442314147948,4,[0.0037 0.0014 0.0029 0.0017 0.9903],4,[0.0047 0.0015 0.003  0.0017 0.9892],"{'lancar': 'lancar', 'eh': 'eh', 'beli': 'beli', 'bahagia': 'gembira', 'habis': 'habis', 'segiga': 'segiga'}",4,4,0.6928,,,,,,,,,
2,"[USERNAME] mencintai jaewon bisa, menyayangi jaewon bisa, jadi bucin jaewon bisa, jadi istri yang baik buat jaewon bisa, request aja maunya apa",mencintai jaewon menyayangi jaewon jadi bucin jaewon jadi istri yang baik buat jaewon request aja maunya apa,0.8992080688476562,2,[1.500e-03 1.500e-03 9.867e-01 7.000e-04 9.600e-03],2,[2.000e-03 1.800e-03 9.915e-01 6.000e-04 4.100e-03],"{'jaewon': 'jaewon', 'request': 'request', 'mencintai': 'mencintai', 'bucin': 'bucin', 'maunya': 'maunya'}",2,2,0.4052,,,,,,,,,
1," TIDAK TERBUKTI MEMBERI CONTOH PERBUATAN BAIK, pada kami yg nakal. ayo bang, DO MORE, TALK LESS while leading.",TIDAK TERBUKTI MEMBERI CONTOH PERBUATAN pada kami yg ayo DO TALK LESS while,0.9102634787559508,1,[7.70e-03 9.88e-01 1.70e-03 6.00e-04 2.10e-03],1,[1.560e-02 9.801e-01 1.500e-03 9.000e-04 1.900e-03],"{'tidak': 'tidak', 'terbukti': 'terbukti', 'while': 'while', 'perbuatan': 'perbuatan', 'memberi': 'memberi', 'ayo': 'ayo'}",1,1,0.5628,,,,,,,,,
4,"abis sahur, sembahyang subuh balek tidur lagi, bangun jam 6.30 dan sampe ruangan jam 7 kurang 5 menit, sptinya saya harus mengapresiasi diri sendiri krn dpet mandi, seragaman, pake bedak sm gincu dan berjalan dlm waktu 50 menit ",abis sembahyang subuh balek tidur bangun jam dan sampe ruangan jam 7 kurang 5 sptinya saya harus menghargai diri sendiri krn dpet pake serbuk sm gincu dan berjalan dlm waktu 50 menit,0.9595012664794922,4,[0.0222 0.0027 0.0054 0.0033 0.9665],4,[0.0246 0.0025 0.0023 0.0042 0.9665],"{'mengapresiasi': 'menghargai', 'dpet': 'dpet', 'sptinya': 'sptinya', 'gincu': 'gincu', 'balek': 'balek', 'menit': 'menit', 'krn': 'krn', 'berjalan': 'berjalan', 'sm': 'sm', 'bedak': 'serbuk', 'dlm': 'dlm', 'pake': 'pake', 'sembahyang': 'sembahyang'}",4,4,0.7416,,,,,,,,,
4,"Semalam super random bangets beli tiket ke Makassar. Padahal abis beli tiket baru kepikiran, mau ngapain yak di Makassar?. Kangen jalan se-random dulu lagi.","Semalam super random bangets beli tiket ke Makassar. Padahal abis beli tiket baru kepikiran, mau ngapain yak di Makassar?. Kangen jalan se-random dulu lagi.",1.0,0,[0.9753 0.0025 0.0017 0.0169 0.0036],0,[0.9753 0.0025 0.0017 0.0169 0.0036],,0,0,0.22,,,,,,,,,
0,gue benci hutang tapi jujur juga belum bisa 100 % lulus dari jeratannya. masih seneng sm dunia. tapi kalo bisnis udah pake uang yang kita aja belum tau laku berapa tapi udah mendahului Allah. bakal abis buat nutupin tu bisnis.,gue benci hutang tapi jujur juga belum bisa 100 lulus dari masih seneng sm tapi kalo bisnis udah pake uang yang kita aja belum tahu laku berapa tapi udah mendahului bakal abis buat nutupin tu,0.957564413547516,0,[0.7241 0.1506 0.0034 0.1189 0.003 ],0,[0.4838 0.0239 0.003  0.4816 0.0077],"{'abis': 'abis', 'mendahului': 'mendahului', 'laku': 'laku', 'lulus': 'lulus', 'nutupin': 'nutupin', 'udah': 'udah', 'aja': 'aja', 'uang': 'uang', 'seneng': 'seneng', 'tau': 'tahu'}",0,0,0.6227,,,,,,,,,
0,"Jaman dulu fotografer masih jarang maen photoshop, foto yg banyak micin'nya banyak yg suka. Sekarang setelah banyak aplikasi photoshop yg semua orang bisa download free di hp, orang udah mulai mual lihat foto yg kebanyakan micin","Jaman dulu fotografer masih jarang maen photoshop, foto yg banyak micin'nya banyak yg suka. Sekarang setelah banyak aplikasi photoshop yg semua orang bisa download free di hp, orang udah mulai mual lihat foto yg kebanyakan micin",1.0,3,[0.0876 0.0083 0.005  0.7667 0.1324],3,[0.0876 0.0083 0.005  0.7667 0.1324],,3,3,0.11,,,,,,,,,
0,"Karena dialog ini, semalaman aku merenung, apa iya masih ada Tuhan? Kalaulah ada, apa iya masih ingat dengan janjiNya untuk membuat kiamat? Apa iya Tuhan peduli pada Indonesia? Apa iya Tuhan peduli padaku? Kukira tidak!",Karena dialog semalaman aku apa iya masih ada Kalaulah apa iya masih ingat dengan janjiNya untuk membuat Apa iya Tuhan peduli pada Apa iya Tuhan peduli Kukira,0.9630035161972046,0,[0.9042 0.0105 0.0086 0.0755 0.0012],0,[0.7179 0.0057 0.256  0.0057 0.0147],"{'iya': 'iya', 'tuhan': 'tuhan', 'kukira': 'kukira', 'apa': 'apa', 'semalaman': 'semalaman', 'dialog': 'dialog'}",2,0,0.6971,,,,,,,,,
1,Apa seneng banget ya refreshing? Seneng banget gitu mencari udara segar? Lah kalo udah terlaku sumpek disini ya kan mending gausah lebay2 minta pulang kesini kan? Kita udah ga minta2 dia selalu disini kaya dulu loh.,Apa seneng banget ya Seneng banget gitu mencari udara Lah kalo udah terlaku sumpek disini ya kan mending gausah lebay2 minta pulang kesini Kita udah ga minta2 dia selalu disini kaya dulu,0.9779078364372252,1,[0.0421 0.9442 0.0028 0.0048 0.0061],4,[0.0515 0.0502 0.0135 0.0082 0.8766],"{'ya': 'ya', 'pulang': 'pulang', 'apa': 'apa'}",4,1,0.7955,,,,,,,,,
1,drpd keseel aja mikirin omongan nyokap gw kmrn ..ntr mau nyantai aja tenangin otak ngadem lama nongki di BK Balkot aja dah sampe sore [URL],drpd keseel aja mikirin omongan nyokap gw kmrn ..ntr mau nyantai aja tenangin otak ngadem lama nongki di BK Balkot aja dah sampe sore [URL],1.0,4,[0.0994 0.0054 0.0024 0.02   0.8728],4,[0.0994 0.0054 0.0024 0.02   0.8728],,4,4,0.2,,,,,,,,,
1,"Then, kalaupun gue jarang sama si x akhir-akhir ini, mungkin kita sedang memasuki dinamika pertemanan yg rumit, yey yg namanya manusia pasti ada slek-slekkan nya la ya. Ga mungkin akur terus, ga asik dong akur terus. Terus gue mesti jelasin k lu semua yg pada nanya, ga kan?",kalaupun saya jarang sama si x mungkin kita sedang memasuki dinamika pertemanan yg yey yg namanya lelaki pasti ada miliknya la Ga mungkin akur ga asik dong akur Terus saya mesti jelasin k lu semua yg pada ga,0.950668454170227,1,[0.2668 0.5268 0.0044 0.1997 0.0022],1,[0.053  0.9349 0.0019 0.0087 0.0015],"{'mesti': 'mesti', 'terus': 'terus', 'akur': 'akur', 'k': 'k', 'ga': 'ga', 'jelasin': 'jelasin', 'lu': 'lu', 'asik': 'asik', 'la': 'la', 'yg': 'yg', 'x': 'x', 'gue': 'saya', 'nya': 'miliknya', 'manusia': 'lelaki', 'si': 'si', 'namanya': 'namanya'}",1,3,0.77,,,,,,,,,
2,"Cinta pandangan hati adalah anugerah. Cinta yang tumbuh dari hati meninggalkan rasa sayang yang sangat mendalam. Bila seseorang dapat merasakan cinta yang tumbuh dari hati, itulah yang disebut cinta sejati.",Cinta pandangan hati adalah Cinta yang tumbuh dari hati meninggalkan rasa sayang yang sangat Bila seseorang dapat merasakan cinta yang tumbuh dari itulah yang disebut cinta,0.9906260371208192,2,[8.000e-04 1.200e-03 9.952e-01 1.900e-03 9.000e-04],2,[1.600e-03 1.500e-03 9.951e-01 1.100e-03 7.000e-04],"{'cinta': 'cinta', 'pandangan': 'pandangan', 'tumbuh': 'tumbuh'}",2,2,0.7563,,,,,,,,,
3,asli parno bgt kebangun ada bunyi2 deket telinga dan ada yg nonjol gtu di balik gorden,asli parno hebat kebangun ada bunyi2 deket telinga dan ada yg nonjol gtu di balik gorden,0.9689736366271972,3,[0.0027 0.0018 0.0017 0.9922 0.0017],3,[0.0031 0.002  0.0016 0.9918 0.0016],"{'parno': 'parno', 'telinga': 'telinga', 'kebangun': 'kebangun', 'gorden': 'gorden', 'bgt': 'hebat'}",3,3,0.6718,,,,,,,,,
3,Aku dulu nemu ig nya dia. Pas dia lg liat camera gitu serem dah. Itu gatau pake softlens atau gimana tapi matanya tuh jd gede bgt,Aku dulu nemu ig miliknya Pas dia lg liat camera gitu serem Itu gatau pake softlens atau bagaimana tapi matanya tuh jd gede hebat,0.9621943831443788,3,[3.000e-03 9.000e-04 3.600e-03 9.882e-01 4.300e-03],4,[0.1328 0.0083 0.1082 0.3326 0.4181],"{'bgt': 'hebat', 'nya': 'miliknya', 'gimana': 'bagaimana', 'pake': 'pake', 'ig': 'ig', 'lg': 'lg', 'tuh': 'tuh', 'jd': 'jd', 'nemu': 'nemu', 'liat': 'liat'}",3,3,0.6505,,,,,,,,,
3,Lagian yaallah ini kuliah ditempat biasa aja bayaran pernah nunggak trs sampe jual mobil gatau deh buat apa mana rumahnya pindah2 jdkan w takut,Lagian yaallah ini kuliah ditempat biasa aja bayaran pernah nunggak trs sampe jual mobil gatau deh buat apa mana rumahnya pindah2 jdkan w takut,1.0000001192092896,3,[0.0027 0.0021 0.0017 0.9917 0.0018],3,[0.0027 0.0021 0.0017 0.9917 0.0018],"{'gatau': 'gatau', 'jdkan': 'jdkan', 'kuliah': 'kuliah', 'yaallah': 'yaallah', 'w': 'w', 'nunggak': 'nunggak', 'trs': 'trs', 'mobil': 'mobil', 'sampe': 'sampe'}",3,3,0.603,,,,,,,,,
1,Kenapa tak minta UMKM Jakarta produksi tong sampah dr stainles steel? Katanya mau mengurangi pengangguran. Lebih 9 milyar diberikan ke jerman&gt,Kenapa tak minta UMKM Jakarta produksi tong sampah dr stainles Katanya mau mengurangi Lebih 9 milyar diberikan ke,0.9524081945419312,1,[0.3586 0.6277 0.0028 0.0048 0.0061],1,[0.1229 0.8655 0.0016 0.0047 0.0053],"{'kenapa': 'kenapa', 'milyar': 'milyar', 'katanya': 'katanya', 'mengurangi': 'mengurangi', 'dr': 'dr', 'tong': 'tong', 'lebih': 'lebih'}",1,0,0.5112,,,,,,,,,
1,Bnyk orng marah Krn [USERNAME] bilang PKS melahirkan 2 koruptor Besar. Katanya itu OKNUM. Goblog keterlaluan. Oknum berlaku untuk kelas KROCO. Kalau kelas kakap apalagi presiden kok oknum Memang dia bisa dapat projek tipu-tipu kalau bukan karna presiden Parte? [USERNAME],Bnyk orng marah Krn bilang PKS melahirkan 2 koruptor Katanya itu Goblog Oknum berlaku untuk kelas Kalau kelas kakap apalagi presiden kok orang Memang dia bisa dapat projek kalau bukan karna presiden,0.9335317015647888,1,[1.500e-03 9.971e-01 6.000e-04 4.000e-04 3.000e-04],1,[2.200e-03 9.964e-01 5.000e-04 5.000e-04 4.000e-04],"{'marah': 'marah', 'goblog': 'goblog', 'bnyk': 'bnyk', 'presiden': 'presiden', 'orng': 'orng', 'kelas': 'kelas', 'oknum': 'orang', 'memang': 'memang', 'kakap': 'kakap', 'berlaku': 'berlaku', 'karna': 'karna'}",1,1,0.5568,,,,,,,,,
0,Kereta ke arah Rangkas pasti ini wkwkwkw..I feel banget sih perjalanan sejauh ini berdiri...tapi semoga kedepannya bisa disiplin lagi,Kereta ke arah Rangkas pasti ini wkwkwkw..I feel banget sih perjalanan sejauh ini berdiri...tapi semoga kedepannya bisa disiplin lagi,1.0,4,[0.0772 0.0019 0.0084 0.0038 0.9087],4,[0.0772 0.0019 0.0084 0.0038 0.9087],,4,4,0.13,,,,,,,,,
1,"Seni dari demokrasi yah bisa saling mengkritik dan mempatuahi, mau sekarang beliau presiden, sekjen PBB atau siapalah. Gamau dikritik? Mati ajah mungkin disurga kamu damai akan kritik, tapi masih mungkin yah belum pasti. Ha.","Seni dari demokrasi yah bisa saling mengkritik dan mempatuahi, mau sekarang beliau presiden, sekjen PBB atau siapalah. Gamau dikritik? Mati ajah mungkin disurga kamu damai akan kritik, tapi masih mungkin yah belum pasti. Ha.",1.0,0,[0.3246 0.1734 0.0133 0.183  0.3057],0,[0.3246 0.1734 0.0133 0.183  0.3057],,4,4,0.12,,,,,,,,,
4,"Misi mas numpang ngamen 'Kau membuatku merasakan Indahnya jatuh cinta Indahnya dicintai Saat kau jadi milikku Makasih,, Kalo gapunya receh pake cinta juga gapapa mas [USERNAME] [URL]","Misi mas numpang ngamen 'Kau membuatku merasakan Indahnya jatuh cinta Indahnya dicintai Saat kau jadi milikku Makasih,, Kalo gapunya receh pake cinta juga gapapa mas [USERNAME] [URL]",1.0,2,[0.0031 0.0014 0.7619 0.001  0.2326],2,[0.0031 0.0014 0.7619 0.001  0.2326],,2,2,0.12,,,,,,,,,
3,"#ygl aku takut perasaan ini semakin mendalam jika kita terus bersama, terlebih semenjak aku tau ada hati lain yang menunggumu juga hyung. Aku semakin takut. [URL]",saya takut perasaan ini semakin mendalam jika kita terus terlebih semenjak saya tau ada hati lain yang menunggumu juga Aku semakin,0.9136383533477784,3,[0.0028 0.0015 0.0043 0.989  0.0024],3,[0.0081 0.0041 0.0067 0.9796 0.0016],"{'mendalam': 'mendalam', 'aku': 'saya', 'perasaan': 'perasaan', 'semenjak': 'semenjak'}",3,3,0.4585,,,,,,,,,
4,"[USERNAME] Wkwk malese talah. Contoh suudzon dalam cemburu: Gaberani duduk sebelahan ketika ada dia doi dan kamu. Mikirnya ""tuhkan knp sih gamau sebelahan, pasti biar ga dikira nempel terus ma aq"" Wkwkkwwk pdhl gr2 sebelahmu dah ada temen yg lain.","[USERNAME] Wkwk malese talah. Contoh suudzon dalam cemburu: Gaberani duduk sebelahan ketika ada dia doi dan kamu. Mikirnya ""tuhkan knp sih gamau sebelahan, pasti biar ga dikira nempel terus ma aq"" Wkwkkwwk pdhl gr2 sebelahmu dah ada temen yg lain.",1.0,1,[5.040e-02 9.456e-01 1.200e-03 2.200e-03 6.000e-04],1,[5.040e-02 9.456e-01 1.200e-03 2.200e-03 6.000e-04],,0,0,0.2,,,,,,,,,
4,"Potong pepaya, leci, blueberry. Bikin overnight oatmeal dan madu. Seketika saya merasa sehat. . . . . Padahal dimakan aja belum~ Semua hanya fatamorganaaaaaaa..",Potong Bikin overnight oatmeal dan Seketika saya merasa Padahal dimakan aja Semua hanya,0.8829280138015747,4,[0.0094 0.0014 0.0039 0.0036 0.9817],0,[0.9565 0.0044 0.0038 0.0189 0.0165],{},0,4,0.6573,,,,,,,,,
2,[USERNAME] Cinta terhadap negara merupakan bentuk bela tanah air. Jadilah pahlawan untuk negara dalam bentuk manifestasi menghargai tamu negara yang sedang di undang negara kita.,Cinta terhadap negara merupakan bentuk bela tanah Jadilah pahlawan untuk negara dalam bentuk manifestasi menghargai pengembara negara yang sedang di undang negara,0.9378507137298584,2,[0.0077 0.0057 0.71   0.0049 0.2717],2,[0.0305 0.0242 0.7432 0.0114 0.1907],"{'negara': 'negara', 'tamu': 'pengembara', 'bentuk': 'bentuk', 'tanah': 'tanah', 'menghargai': 'menghargai'}",2,2,0.7413,,,,,,,,,
1,"Lah elu yang harusnya ditanya teh, kenapa bisa berasumsi guw mah kacang tanpa kulit, maksudnya apa hayo? Ke sana juga kan maksud loooo",Lah elu yang harusnya ditanya kenapa bisa berasumsi guw mah kacang tanpa maksudnya apa Ke sana juga kan maksud Loooo,0.9885215759277344,1,[2.500e-03 9.962e-01 6.000e-04 4.000e-04 3.000e-04],1,[2.600e-03 9.958e-01 5.000e-04 5.000e-04 5.000e-04],"{'loooo': 'Loooo', 'guw': 'guw', 'elu': 'elu', 'lah': 'lah', 'kacang': 'kacang', 'ke': 'ke'}",1,1,0.6967,,,,,,,,,
1,"bukan soal idolamu yang khilaf, bukan soal lebay si artis. ini soal sexual harrasement yang dijadiin komentar bercanda dan dianggap biasa aja. ah. sudahlah. semoga bukan kamu, atau orang yang kamu kenal yang diperlakukan begitu dulu, baru kamu sadar.",bukan soal idolamu yang bukan soal lebay si ini soal sexual harrasement yang dijadiin komentar bergurau dan dianggap biasa Semoga bukan atau orang yang kamu kenal yang diperlakukan begitu baru kamu,0.9741938710212708,1,[0.1613 0.8322 0.0032 0.0022 0.001 ],1,[3.650e-02 9.605e-01 1.300e-03 1.100e-03 7.000e-04],"{'si': 'si', 'orang': 'orang', 'diperlakukan': 'diperlakukan', 'komentar': 'komentar', 'semoga': 'Semoga', 'kenal': 'kenal', 'bercanda': 'bergurau'}",1,1,0.5572,,,,,,,,,
0,"Aku bingung kok dia tiba tiba diem engga manggil aku dan tanya2 lagi, nah tak dengerin bener2 kok nafasnya anteng banget eh ternyata udah dibuat nyaman sama bantal guling dan kasur",Aku bingung kok dia tiba tiba diem engga manggil aku dan tanya2 nah tak dengerin bener2 kok nafasnya anteng banget eh ternyata udah dibuat selesa sama bantal guling dan kasur,0.9850777983665466,0,[0.455  0.0061 0.0932 0.0286 0.4172],4,[0.1934 0.0072 0.1127 0.0317 0.6549],"{'nafasnya': 'nafasnya', 'bantal': 'bantal', 'manggil': 'manggil', 'kasur': 'kasur', 'udah': 'udah', 'nyaman': 'selesa', 'anteng': 'anteng', 'guling': 'guling', 'banget': 'banget'}",4,4,0.3248,,,,,,,,,
2,"Dear Naomi.. Tumbuhlah jadi anak yang solehah, yang selalu ingat, sayang, dan selalu mendoakaan kedua orang tua mu.. tumbuhlah menjadi anak yang baik hatinya, baik ibadahnya",Dear Tumbuhlah jadi anak yang yang selalu dan selalu mendoakaan kedua orang tua tumbuhlah menjadi anak yang baik baik ibadahnya,0.9511435031890868,2,[1.90e-03 6.00e-04 9.71e-01 1.20e-03 2.53e-02],4,[0.0065 0.0026 0.1336 0.0054 0.8519],{},2,2,0.4191,,,,,,,,,
1,"Oke an ini buat pertama dan yang terakhir kalinya pergi kehotel gak pakai mandi pakai sendal jepit dan udah macam gembel, udah sampai hotel disuruh naik tangga,dan keselnya ada lift disana kenapa disuruh naik tangga?? Untung lagi puasa ini mbak mbak",Oke an ini buat pertama dan yang terakhir kalinya pergi kehotel tidak pakai mandi pakai sendal jepit dan udah macam udah sampai hotel disuruh naik keselnya ada lift disana kenapa disuruh naik Untung lagi puasa ini rindu rindu,0.9820774793624878,1,[0.1487 0.8385 0.0009 0.0088 0.0031],0,[0.8711 0.1172 0.0023 0.0065 0.0029],"{'mbak': 'rindu', 'disuruh': 'disuruh', 'pakai': 'pakai', 'puasa': 'puasa', 'jepit': 'jepit', 'an': 'an', 'mandi': 'mandi', 'gak': 'tidak', 'oke': 'baik', 'udah': 'udah', 'kehotel': 'kehotel'}",0,0,0.4993,,,,,,,,,
4,Terima kasih kak [USERNAME] Cantik Lukis Digitalnya ka Dinda juga yaa,Terima kasih kakak Cantik Lukis Digitalnya ka Dinda juga Yeah,0.8448735475540161,4,[0.0022 0.001  0.0024 0.0016 0.9928],4,[0.0036 0.0014 0.0045 0.0015 0.989 ],"{'yaa': 'Yeah', 'ka': 'ka', 'digitalnya': 'digital', 'dinda': 'dinda', 'kak': 'kakak'}",4,4,0.5577,,,,,,,,,
3,"Ngeri.. Ternyata Popok Seklai Pakai Jadi Pemicu Utama Infeksi Saluran Kencing Jangan lengah dengan kepraktisan popok sekali pakai. Karena jika tak perhatikan hal ini, bahaya bisa mendekati si kecil",Ternyata Popok Seklai Pakai Jadi Pemicu Utama Infeksi Saluran Kencing Jangan lengah dengan kepraktisan popok sekali Karena jika tak perhatikan hal bahaya bisa pendekatan si kecil,0.9660441875457764,3,[0.0326 0.0061 0.0044 0.9492 0.0077],3,[0.3444 0.0287 0.0096 0.5806 0.0367],"{'jangan': 'jangan', 'mendekati': 'pendekatan', 'kencing': 'kencing', 'saluran': 'saluran', 'ternyata': 'ternyata', 'seklai': 'sekali', 'utama': 'utama', 'lengah': 'lengah', 'jadi': 'jadi', 'pemicu': 'pemicu', 'perhatikan': 'perhatikan'}",3,3,0.6484,,,,,,,,,
3,Liat boneka susan aja sudah ampun. Lha ini malah diajakin nonton film horror boneka sabrina.,Liat boneka susan aja sudah ampun. Lha ini malah diajakin nonton film horror boneka sabrina.,1.0,0,[0.8233 0.031  0.0153 0.07   0.0604],0,[0.8233 0.031  0.0153 0.07   0.0604],,0,0,0.13,,,,,,,,,
3,"dek, saya cuma takut, perasaan saya akan melebihi batas sebagai kakak kelas. berhenti ya? sekalipun alasan kamu mengabari saya adalah karena bosan.",saya cuma perasaan saya akan melebihi batas sebagai kakak berhenti sekalipun alasan kamu mengabari saya adalah karena,0.9620652794837952,3,[0.0042 0.0023 0.0038 0.9884 0.0013],2,[0.2153 0.01   0.7599 0.0116 0.0031],{},2,3,0.3905,,,,,,,,,
4,"Gua gatau kalo tweet ini akan banyak yg support tapi mau bilang makasih dan semua member bangtan pantes buat di sayaang. Army sayang bangtan kan? Jangan terpecah belah ya. Harus kuat dan sayang semuanya. Saling memaafkan sesama army, jangan sampe sesama army malah saling benci","Gua gatau kalo tweet ini akan banyak yg support tapi mau bilang makasih dan semua member bangtan pantes buat di sayaang. Army sayang bangtan kan? Jangan terpecah belah ya. Harus kuat dan sayang semuanya. Saling memaafkan sesama army, jangan sampe sesama army malah saling benci",1.0,2,[0.0015 0.0012 0.9041 0.0014 0.0918],2,[0.0015 0.0012 0.9041 0.0014 0.0918],,2,2,0.12,,,,,,,,,
0,"harus diakui, perasaan paling menyesakkan adalah saat menerima undangan pernikahan dari mantan. mantan saingan, mantan gebetan, mantan pacar, manatan teman dan mantan-mantan lainnya.",harus perasaan paling menyesakkan adalah saat menerima undangan pernikahan dari mantan mantan mantan manatan teman dan,0.948647677898407,0,[9.915e-01 2.800e-03 1.000e-03 4.100e-03 6.000e-04],0,[0.9859 0.0038 0.0017 0.0057 0.0029],"{'menyesakkan': 'menyesakkan', 'manatan': 'manatan', 'mantan': 'mantan', 'undangan': 'undangan', 'pernikahan': 'pernikahan'}",0,0,0.3952,,,,,,,,,
4,"Meskipun raganya telah tiada tapi jujur salah satu orang yg bikin penasaran dalam hidup Mas Tyoo. WHY? Krn gak pernah lihat Bung Besar ini di Televisi, beda sama Pak Soeharto. Namun.. Bendera MERAH PUTIH yang selalu berkibar adalah salah satu bukti NYATA PERJUANGAN BUNG BESAR","Meskipun raganya telah tiada tapi jujur salah satu orang yg bikin penasaran dalam hidup Mas Tyoo. WHY? Krn gak pernah lihat Bung Besar ini di Televisi, beda sama Pak Soeharto. Namun.. Bendera MERAH PUTIH yang selalu berkibar adalah salah satu bukti NYATA PERJUANGAN BUNG BESAR",1.0,2,[0.0426 0.003  0.6213 0.0782 0.2549],2,[0.0426 0.003  0.6213 0.0782 0.2549],,2,2,0.13,,,,,,,,,
4,"Persahabatan itu harus mempunyai telinga untuk saling mendengar, tangan untuk saling menolong, dan hati untuk saling memahami. -5 cm . Selamat Hari Persahabatan Internasional",Persahabatan itu harus mempunyai telinga untuk saling tangan untuk saling dan hati untuk saling cm Selamat Hari Persahabatan Internasional,0.9703232645988464,4,[0.0038 0.0032 0.1458 0.0012 0.846 ],4,[0.0271 0.0191 0.3973 0.0045 0.5521],"{'cm': 'cm', 'persahabatan': 'persahabatan', 'tangan': 'tangan', 'selamat': 'selamat'}",4,4,0.4266,,,,,,,,,
4,"[USERNAME] @8rianna_ Hadir min, salam ane di segmen salsa icikiwir minta to long bacain ya [USERNAME] [USERNAME] [USERNAME] trimakasih!",Hadir salam ane di segmen salsa icikiwir minta kepada long bacain ya,0.6037952303886414,4,[0.0208 0.0057 0.0044 0.0243 0.9448],4,[0.0154 0.0088 0.0043 0.028  0.9435],"{'segmen': 'segmen', 'hadir': 'hadir', 'ya': 'ya', 'long': 'long', 'bacain': 'bacain', 'to': 'kepada'}",4,4,0.4403,,,,,,,,,
4,Desain razer mirip banget mbp. Malah lbh modern dgn bezel tipis. N kemampuan untuk gaming. Artinya spek lbh baik n desain elegan. Lama kelamaan hipnotis apple akan pudar. Contoh nya $[USERNAME],Desain razer mirip banget Malah lebih moden dgn bezel N kemampuan untuk Artinya spek lebih baik n desain Lama kelamaan hipnotis apple akan Contoh miliknya,0.9206000566482544,4,[0.2042 0.0049 0.0028 0.0423 0.7458],4,[0.0879 0.0054 0.0131 0.0078 0.8858],"{'nya': 'miliknya', 'lama': 'panjang', 'malah': 'malah', 'banget': 'banget', 'modern': 'moden', 'n': 'n', 'razer': 'razer', 'lbh': 'lebih', 'dgn': 'dgn', 'contoh': 'contoh', 'artinya': 'artinya'}",4,4,0.4685,,,,,,,,,
0,"Menggapai cita2 kadang bukan hal mudah. Cita2 pengen jadi dokter, tpi gak ada uang. Cita2 pengen jadi tentara tapi gagal tes kesehatan. Pengen jadi artis tpi orang tua pengen anaknya jadi insinyur. Ngiri gak sih sama orang2 yg dikasih kesempatan terbuka lebar tpi gak dimanfaatin?",Menggapai cita2 kadang bukan hal Cita2 pengen jadi tp tidak ada Cita2 pengen jadi tentara tapi gagal tes Pengen jadi artis tp orang tua pengen anaknya jadi Ngiri tidak sih sama orang2 yg dikasih kesempatan buka lebar tp tidak,0.922248601913452,0,[0.8598 0.1275 0.0027 0.0073 0.0027],0,[0.9146 0.0649 0.0018 0.0116 0.0072],"{'kadang': 'kadang', 'tpi': 'tp', 'pengen': 'pengen', 'gak': 'tidak', 'tentara': 'tentara', 'menggapai': 'menggapai', 'yg': 'yg', 'kesempatan': 'kesempatan', 'gagal': 'gagal', 'lebar': 'lebar', 'terbuka': 'buka'}",0,0,0.543,,,,,,,,,
0,"Banyak maba dikampus, mereka tidak tau kalo kuliah itu gak kayak difilm film, pada sumringah semua. Ntar sebulan kuliah, langsung kusut muka.","Banyak maba dikampus, mereka tidak tau kalo kuliah itu gak kayak difilm film, pada sumringah semua. Ntar sebulan kuliah, langsung kusut muka.",1.0,4,[0.0024 0.0016 0.0012 0.0031 0.9917],4,[0.0024 0.0016 0.0012 0.0031 0.9917],,4,4,0.13,,,,,,,,,
1,"Oke, lanjut siap bukber sama tmn kampus ke rumah tmn, katanya deket, tp untung w puasa jd sabar, muacet poll dimana. Sampe rumah temen, baru cuma ada w & 1 orang!","Oke, lanjut siap bukber sama tmn kampus ke rumah tmn, katanya deket, tp untung w puasa jd sabar, muacet poll dimana. Sampe rumah temen, baru cuma ada w & 1 orang!",1.0,4,[0.0061 0.001  0.0015 0.0012 0.9902],4,[0.0061 0.001  0.0015 0.0012 0.9902],,4,4,0.13,,,,,,,,,
0,"Mengapa hidup ini ada yang mengatakan kejam? Mungkin dia menganggap hidup ini sebagai pertarungan juga arena persaingan. Kalau dia berfikir layaknya petani, maka hidup ya seperti bercocok tanam, ia akan merasa diantara harapan & ketakutan","Mengapa hidup ini ada yang mengatakan kejam? Mungkin dia menganggap hidup ini sebagai pertarungan juga arena persaingan. Kalau dia berfikir layaknya petani, maka hidup ya seperti bercocok tanam, ia akan merasa diantara harapan & ketakutan",1.0,3,[8.300e-03 1.800e-03 8.000e-04 9.882e-01 9.000e-04],3,[8.300e-03 1.800e-03 8.000e-04 9.882e-01 9.000e-04],,3,3,0.13,,,,,,,,,
4,"Pertama kali ketemu pas bayi umur 3 bulan dan sekarang sudah 6 taon kelas 1 SD, time so fast... namanya Raditya yang punya cita cita jadi petugas pemadam kebakaran. Pinter yo Le sekohale",Pertama masa ketemu pas bayi umur 3 bulan dan sekarang sudah 6 taon kelas 1 time jadi namanya Raditya yang punya cita cita jadi petugas pemadam Pinter yo Le sekohale,0.9174315333366394,4,[1.20e-03 6.00e-04 8.30e-03 1.00e-03 9.89e-01],4,[4.900e-03 8.000e-04 2.210e-02 1.700e-03 9.705e-01],"{'sekohale': 'sekohale', 'pinter': 'pinter', 'yo': 'yo', 'petugas': 'petugas', 'taon': 'taon', 'cita': 'cita', 'kali': 'masa', 'bayi': 'bayi', 'le': 'le', 'time': 'time', 'so': 'jadi'}",4,4,0.5889,,,,,,,,,
2,Siang dan malam aku tak kuasa melupakan wajahmu Apakah ku terjerat cinta buta Ataukah ku hanya merasa kasmaran [USERNAME],Siang dan malam aku tak kuasa melupakan wajahmu Apakah ku terjerat cinta buta Ataukah ku hanya merasa kasmaran [USERNAME],1.0,0,[0.6041 0.0094 0.3545 0.0288 0.0032],0,[0.6041 0.0094 0.3545 0.0288 0.0032],,2,2,0.13,,,,,,,,,
0,"masrakat nelayan di kbt merauke papua, resa dan gelisa karna lambatnya keluar surat surat (dukumen) kapal nelayan bakkan ada sampai tahunan,padahal masrakat nelayan menbayar mahal sampai 20 jutaan ditanba maraknya pungutan liar..",masrakat nelayan di kbt merauke resa dan gelisa karna lambatnya keluar surat surat kapal nelayan bakkan ada sampai masrakat nelayan menbayar mahal sampai 20 jutaan ditanba maraknya pungutan,0.968178391456604,0,[0.5628 0.4208 0.0016 0.0117 0.0031],1,[0.3563 0.6279 0.0028 0.0076 0.0054],"{'menbayar': 'menbayar', 'masrakat': 'masrakat', 'ditanba': 'ditanba', 'nelayan': 'nelayan', 'bakkan': 'bakkan', 'gelisa': 'gelisa', 'resa': 'resa', 'mahal': 'mahal', 'kbt': 'kbt', 'jutaan': 'jutaan', 'lambatnya': 'lambatnya'}",1,0,0.4741,,,,,,,,,
1,"[USERNAME] Well, common logic di Indonesia itu selalu perempuan yg salah. ""Coba kalo nggk ini, itu, bla bla bla"". Sedangkan yang salah sebenarnya selalu pelaku, bukannya korban. Logcial fallacy.",common logic di Indonesia itu selalu perempuan yg kalo nggk bla bla Sedangkan yang salah sebenarnya selalu bukannya Logcial,0.9296948313713074,1,[0.1638 0.8298 0.0016 0.0033 0.0015],1,[0.1592 0.8167 0.0029 0.0087 0.0125],"{'salah': 'salah', 'sedangkan': 'sedangkan', 'common': 'common', 'kalo': 'kalo', 'indonesia': 'Indonesia', 'logcial': 'logik', 'bla': 'bla'}",1,1,1.7517,,,,,,,,,
4,"Temen SMA w nih , berhubung dia lg jomblo baru 2 hari mkanya gangguin orang. Barangkali ada yg mau knalan. Dia bilang kemren klo dia mau cari pasangan yg bisa ngeetiin tugasnya hehew [URL]","Temen SMA w nih , berhubung dia lg jomblo baru 2 hari mkanya gangguin orang. Barangkali ada yg mau knalan. Dia bilang kemren klo dia mau cari pasangan yg bisa ngeetiin tugasnya hehew [URL]",1.0,0,[0.7654 0.0027 0.0061 0.0721 0.1537],0,[0.7654 0.0027 0.0061 0.0721 0.1537],,4,4,0.06,,,,,,,,,
1,"Aku pun boleh je nak jadi selfish, pemalas dan biadap. Tapi aku ni tak bodoh. Bijak macm gampang? Cantik macam gampang pun. Kalau kau takde adab baik mampus je. Biar bodoh asalkan ada adab. Biadap tu simpan lah. Nanti kau bagi kat anak2 kau. Biar kau pulak rasa macamana biadap tu",Aku pun boleh je nak jadi pemalas dan Tapi aku ni tak Bijak macm Cantik macam gampang Kalau kau takde adab baik mampus Biar bodoh asalkan ada Biadap itu simpan Nanti kau bagi kat anak2 Biar kau pulak rasa macamana biadap itu,0.925104022026062,1,[0.1219 0.7424 0.0068 0.1225 0.0065],1,[0.2594 0.7187 0.0034 0.0152 0.0033],"{'adab': 'adab', 'je': 'je', 'pulak': 'pulak', 'kau': 'kau', 'bodoh': 'bodoh', 'nak': 'nak', 'tu': 'itu', 'biadap': 'biadap', 'biar': 'biar', 'cantik': 'cantik', 'gampang': 'gampang', 'ni': 'ni', 'kat': 'kat', 'mampus': 'mampus', 'nanti': 'nanti'}",0,3,0.5984,,,,,,,,,
4,Tiada henti 2ny q mengucap syukut alhmdllh.... Skrg aku bsa.... Uang jadi panitia kmrn alhmdllh trmkah kau bri brlmpah.... Mski tak sbrpa inysllh lma2 mmbukit amn [URL],Tiada henti 2ny q mengucap syukut Skrg aku Uang jadi panitia kmrn alhmdllh trmkah kau bri Mski tak sbrpa inysllh lma2 mmbukit amn,0.8842676281929016,4,[1.300e-03 6.000e-04 1.300e-03 7.000e-04 9.961e-01],4,[0.0652 0.0029 0.0062 0.0038 0.9218],"{'mengucap': 'mengucap', 'henti': 'henti', 'q': 'q', 'panitia': 'panitia', 'kmrn': 'kmrn', 'trmkah': 'trmkah', 'tiada': 'tiada', 'amn': 'amn', 'sbrpa': 'sbrpa', 'bri': 'bri'}",4,4,0.513,,,,,,,,,
3,"Heran si, orang stres begitu masih berkeliarab d salemba. 2minggu yg lalu juga abis pukul anak cowok juga, kaya gitu mana ada yg mau betah d Salemba. Tp emang si RT RW lebih cepet nanggepin keluhan warganya.","Heran si, orang stres begitu masih berkeliarab d salemba. 2minggu yg lalu juga abis pukul anak cowok juga, kaya gitu mana ada yg mau betah d Salemba. Tp emang si RT RW lebih cepet nanggepin keluhan warganya.",1.0,1,[1.440e-02 9.835e-01 8.000e-04 9.000e-04 4.000e-04],1,[1.440e-02 9.835e-01 8.000e-04 9.000e-04 4.000e-04],,1,1,0.11,,,,,,,,,
1,"pasti mereka terdidik. punya budaya malu, TAPI KALAU PERKARA KELAHI DI KANDANG LAWAN ATAU DI KANDANG MACAN, itu sudah naluri, udah dari NENEK MOYANG N","pasti mereka terdidik. punya budaya malu, TAPI KALAU PERKARA KELAHI DI KANDANG LAWAN ATAU DI KANDANG MACAN, itu sudah naluri, udah dari NENEK MOYANG N",1.0,0,[0.4275 0.1315 0.0033 0.4247 0.013 ],0,[0.4275 0.1315 0.0033 0.4247 0.013 ],,0,0,0.1,,,,,,,,,
0,"Cewek itu paling ga suka dikasarin, dibohongin, dicuekin dan didatengin pas ada butuhnya doang. :')",Cewek itu paling ga suka dicuekin dan didatengin pas ada butuhnya,0.97714763879776,0,[0.9068 0.0584 0.0286 0.0036 0.0025],0,[0.7388 0.0917 0.141  0.0092 0.0192],"{'didatengin': 'didatengin', 'dicuekin': 'dicuekin', 'butuhnya': 'butuhnya', 'ga': 'ga'}",0,0,0.1154,,,,,,,,,
2,"menyayangi mu membuat ku mengenal bahasa baru, menyayangi mu membuatku mampu merangkai kata kata baru, ya memang tak seindah puisi puisi pak sapardi, tapi cukup untuk memberi mu makna. Rasa sayang melahirkan sedikit demi sedikit kalimat yang tersusun rapi di sebuah kertas",menyayangi mu membuat ku mengenal bahasa menyayangi mu membuatku mampu tali kata kata ya memang tak seindah syair syair pak tapi cukup untuk memberi mu Rasa sayang melahirkan sedikit demi sedikit kalimat yang tersusun rapi di sebuah kertas,0.9555107951164246,2,[1.900e-03 9.000e-04 9.946e-01 1.300e-03 1.300e-03],2,[3.700e-03 9.000e-04 9.934e-01 1.000e-03 1.000e-03],"{'membuatku': 'membuatku', 'sayang': 'sayang', 'seindah': 'seindah', 'mengenal': 'mengenal', 'merangkai': 'tali', 'mu': 'mu', 'puisi': 'syair', 'menyayangi': 'menyayangi', 'rapi': 'rapi', 'tersusun': 'tersusun'}",2,2,0.3881,,,,,,,,,
1,[USERNAME] Iya di DM lewat twitter gitu tadi sempet selewat ngeliat. Sebenernya boleh aja minta hapus foto2 konser atau sue kalo mereka ga mau. Macem Jelpi. Tapi kalo nyuruh tutup sih bodoh sih.,Iya di DM lewat twitter gitu tadi sempet lalu Sebenernya boleh aja minta dimatikan foto2 konser atau sue kalo mereka ga Macem Tapi kalo nyuruh tutup sih bodoh,0.9643505811691284,1,[7.300e-03 9.904e-01 2.000e-04 1.900e-03 2.000e-04],1,[1.870e-02 9.615e-01 1.000e-03 1.820e-02 5.000e-04],"{'bodoh': 'bodoh', 'dm': 'dm', 'gitu': 'gitu', 'twitter': 'twitter', 'tapi': 'tetapi', 'selewat': 'lalu', 'hapus': 'dimatikan', 'nyuruh': 'nyuruh', 'kalo': 'kalo', 'iya': 'iya', 'aja': 'aja'}",1,1,0.5145,,,,,,,,,
1,"Di jual buat beli rubicon atau hummer baru, lumayan buat aset dan modal nyapres. Atau beli tanah lagi yg luas buat ""katanya"" perjuangan gerakan. Jamaahnya cuma gitu-gitu aja, cari kerja sana-sini. Atau malak THR sama orang Cina. Hadeuh Guwoblok",Di jual buat beli rubicon atau hummer lumayan buat aset dan modal Atau beli tanah lagi yg luas buat perjuangan Jamaahnya cuma cari kerja Atau malak THR sama orang Hadeuh Guwoblok,0.9801023006439208,1,[0.1815 0.8063 0.0018 0.004  0.0064],0,[0.5265 0.4488 0.0055 0.0052 0.0139],"{'modal': 'modal', 'atau': 'atau', 'guwoblok': 'guwoblock', 'cari': 'cari', 'hummer': 'hummer', 'thr': 'thr', 'kerja': 'kerja', 'jamaahnya': 'jamaahnya', 'lumayan': 'lumayan', 'perjuangan': 'perjuangan', 'aset': 'aset', 'rubicon': 'rubicon', 'luas': 'luas'}",0,1,0.6568,,,,,,,,,
4,"[USERNAME] [USERNAME] [USERNAME] System dah canggih n inovasi baru lagi yg kita lihat dgn sgl kemudahan utk rakyat,terima kasih pak jojowi n tims kabinet sukses selalu n sehat",System dah canggih n inovasi baru lagi yg kita lihat dgn sgl kemudahan untuk cinta pak jojowi n tims kabinet kejayaan selalu n sihat,0.8255794644355774,4,[1.000e-03 8.000e-04 1.000e-03 1.100e-03 9.961e-01],4,[0.0067 0.0064 0.0692 0.0242 0.8934],"{'sehat': 'sihat', 'dgn': 'dgn', 'kasih': 'cinta', 'sgl': 'sgl', 'sukses': 'kejayaan', 'n': 'n', 'utk': 'untuk', 'lihat': 'lihat', 'jojowi': 'jojowi', 'kemudahan': 'kemudahan'}",4,4,0.4054,,,,,,,,,
2,"i love you. i love you so much. aku sering bgt ngomong gini ke kamu, tapi semoga kamu ga bosen ya. soalnya apa yg aku omongin itu semua beneran tulus dari hati aku",i love i love you so aku sering bgt ngomong gini ke tapi Semoga kamu ga bosen soalnya apa yg aku omongin itu semua serius tulus dari hati aku,0.9813127517700196,2,[1.100e-03 6.000e-04 9.971e-01 6.000e-04 6.000e-04],2,[8.000e-04 5.000e-04 9.975e-01 4.000e-04 8.000e-04],"{'love': 'love', 'i': 'i', 'bosen': 'bosen', 'you': 'you', 'semoga': 'Semoga', 'omongin': 'omongin', 'tulus': 'tulus', 'beneran': 'serius'}",2,2,0.5265,,,,,,,,,
2,Dan untukmu wanita yg selalu aju cinta dan aku rindukan. Selamat bertambah usia syng. Selamat bertambah keberkahan dan kebahagian hidup. Aku sdr aku bukan siapa2 lagi dlm hidupmu. Aku sdr aku hanya manusia asing skrng. Tp percayalah aku akan berusaha menjaga dirimu dlm hatiku,Dan untukmu wanita yg selalu aju cinta dan saya Selamat bertambah usia Selamat bertambah keberkahan dan kebahagian Aku sdr saya bukan siapa2 lagi dlm Aku sdr saya hanya manusia asing Tp percayalah saya akan berusaha menjaga dirimu dlm hatiku,0.9301775097846984,2,[1.600e-03 4.000e-04 9.897e-01 1.700e-03 6.700e-03],2,[2.300e-03 5.000e-04 9.857e-01 1.800e-03 9.600e-03],"{'cinta': 'cinta', 'dirimu': 'dirimu', 'menjaga': 'menjaga', 'hatiku': 'hatiku', 'dlm': 'dlm', 'untukmu': 'untukmu', 'selamat': 'selamat', 'percayalah': 'percayalah', 'asing': 'asing', 'aju': 'aju', 'dan': 'dan', 'aku': 'saya', 'usia': 'usia', 'berusaha': 'berusaha', 'yg': 'yg'}",2,2,0.5698,,,,,,,,,
0,"Mungkin saja Allah mencubitku dengan ujianNYA. Mungkin saja Allah sedang rindu, Rindu pada rintihanku, Rindu pada sujud panjangku, Rindu puji-pujianku padaNYA. Atau bisa saja Allah cemburu, Karna aku lebih sayang dan merindukanmu (lelakiku).","Mungkin saja Allah mencubitku dengan ujianNYA. Mungkin saja Allah sedang rindu, Rindu pada rintihanku, Rindu pada sujud panjangku, Rindu puji-pujianku padaNYA. Atau bisa saja Allah cemburu, Karna aku lebih sayang dan merindukanmu (lelakiku).",1.0,2,[0.3345 0.0038 0.6495 0.0096 0.0026],2,[0.3345 0.0038 0.6495 0.0096 0.0026],,2,2,0.11,,,,,,,,,
2,"Senyum adalah media paling murah dalam membangun suatu hubungan. #kintamani #photography #savana #vsco #balicili #balitrip #baligasm #bali #travelling @ Kintamani, Bali, Indonesia [URL]","Senyum adalah media paling murah dalam membangun suatu hubungan. #kintamani #photography #savana #vsco #balicili #balitrip #baligasm #bali #travelling @ Kintamani, Bali, Indonesia [URL]",1.0,4,[0.0178 0.0057 0.0564 0.0026 0.9175],4,[0.0178 0.0057 0.0564 0.0026 0.9175],,4,4,0.15,,,,,,,,,
4,"Hmmm ya mungkin seneng kalo dikasih kado, tapi kalo buatku dia inget aja tanggal lahirku atau anniv wes bahagia rasane.  #pekaitupenting",Hmmm ya mungkin seneng kalo dikasih tapi kalo buatku dia inget aja Tarikh lahirku atau anniv wes bahagia,0.9814317226409912,4,[0.008  0.0016 0.2996 0.0028 0.6879],4,[0.0526 0.0021 0.0221 0.0046 0.9185],"{'anniv': 'anniv', 'seneng': 'seneng', 'hmmm': 'Hmmm', 'ya': 'ya', 'wes': 'wes', 'kalo': 'kalo', 'tanggal': 'Tarikh', 'inget': 'inget'}",4,2,0.4286,,,,,,,,,
4,"sy sbagai pribadi Katolik bangga punya Yesus dlam hidup sy. Sbesar apapun msalah hidup, Dia tdk prnh tingglkan sy. Trima lasih Yesus, atas tntangan yg Engkau brikan! [URL]",sy sbagai pribadi Katolik bangga punya Yesus dlam hidup Sbesar apapun msalah Dia tdk prnh tingglkan Trima lasih atas tntangan yg Engkau,0.9387869834899902,4,[1.40e-03 9.00e-04 1.90e-02 1.70e-03 9.77e-01],4,[0.0118 0.0051 0.0266 0.0048 0.9517],"{'bangga': 'bangga', 'trima': 'trima', 'sy': 'sy', 'tdk': 'tdk', 'yesus': 'yesus', 'hidup': 'hidup', 'pribadi': 'pribadi', 'apapun': 'apapun', 'yg': 'yg', 'dia': 'dia', 'sbesar': 'besar', 'katolik': 'Katolik'}",4,4,0.645,,,,,,,,,
0,"Mencintai kamu itu tidak sulit, yang sulit itu adalah bertahan mencintai kamu yang sudah jelas masih mencintai orang lain Yang sulit mengikhlaskan cinta sejati agar bisa berbahagia tanpa harus membebani diri dan keluarganya","Mencintai kamu itu tidak sulit, yang sulit itu adalah bertahan mencintai kamu yang sudah jelas masih mencintai orang lain Yang sulit mengikhlaskan cinta sejati agar bisa berbahagia tanpa harus membebani diri dan keluarganya",1.0,2,[0.4432 0.0063 0.5401 0.0063 0.0041],2,[0.4432 0.0063 0.5401 0.0063 0.0041],,2,2,0.11,,,,,,,,,
4,"Yap! kalau mau jodoh yang baik, yuk perbaiki diri. ini berlaku terus biarpum sudah menikah, supaya tetap baik seterusnya",kalau mau jodoh yang yuk perbaiki ini berlaku terus biarpum sudah supaya tetap baik seterusnya,0.9452590942382812,4,[0.0661 0.0065 0.2071 0.0386 0.6817],0,[0.5004 0.1568 0.0443 0.0416 0.2569],"{'biarpum': 'biarpum', 'perbaiki': 'perbaiki'}",4,2,0.4033,,,,,,,,,
1,"[USERNAME] Dalil haditsnya justru Imam Mahdi, gak pernah mau ngaku-ngaku jadi imam. Bahkan sudah ditunjuk pun, dia ogah menerima amanat untuk memimpin umat. Lah yg ini apah? Sudah ngeklaim, nyuruh umatnya mundur? Inamahdi malah nolak dibai'at, bukan bi",Dalil haditsnya justru Imam tidak pernah mau jadi Bahkan sudah ditunjuk dia ogah menerima amanat untuk memimpin Lah yg ini Sudah nyuruh umatnya Inamahdi malah nolak bukan bi,0.9019423723220824,1,[2.600e-03 9.963e-01 4.000e-04 4.000e-04 3.000e-04],1,[9.700e-03 9.884e-01 6.000e-04 7.000e-04 5.000e-04],"{'bi': 'bi', 'lah': 'lah', 'dalil': 'dalil', 'gak': 'tidak', 'yg': 'yg', 'menerima': 'menerima', 'nolak': 'nolak', 'sudah': 'sudah', 'memimpin': 'memimpin', 'haditsnya': 'haditsnya'}",1,1,0.4701,,,,,,,,,
0,"[USERNAME] Dan dibilang ""kok gendutan?"" Dan ditanya ""kapan nyusul mas/mba ini nikah?"" Dan ditodong ""mana angpaonya?"" Dan dimaki ""umur udah ga kecil lagi, masih aja sendiri"" Asem emang :'(","[USERNAME] Dan dibilang ""kok gendutan?"" Dan ditanya ""kapan nyusul mas/mba ini nikah?"" Dan ditodong ""mana angpaonya?"" Dan dimaki ""umur udah ga kecil lagi, masih aja sendiri"" Asem emang :'(",1.0,1,[0.2479 0.7453 0.0013 0.0031 0.0023],1,[0.2479 0.7453 0.0013 0.0031 0.0023],,0,0,0.13,,,,,,,,,
0,Wktu masih jaman sekolah kalau ada laki2 yg suka boro2 mau nanggepin ..yg ada malu nya minta ampun smpe tuh laki malah d musuhin!! Tp bocah jman skrng jomblo bentar galau nya minta ampun  ..gmn klau mereka kaya gua yg jomblo 7 tahun  #OldMoneyGakNgerasain,Wktu masih jaman sekolah kalau ada laki2 yg suka boro2 mau lif ada malu nya minta ampun smpe tuh lelaki malah d Tp bocah jman skrng jomblo bentar galau nya minta ampun klau mereka kaya saya yg jomblo 7 tahun,0.977324903011322,0,[0.595  0.0582 0.0024 0.3409 0.0035],3,[0.4379 0.0384 0.0027 0.5187 0.0023],"{'malu': 'malu', 'ampun': 'ampun', 'suka': 'suka', 'bentar': 'bentar', 'gua': 'saya', 'jaman': 'jaman', 'wktu': 'masa', 'tp': 'tp', 'yg': 'yg', 'kaya': 'kaya', 'sekolah': 'sekolah', 'laki': 'lelaki', 'skrng': 'skrng', 'nanggepin': 'lif'}",0,3,0.5647,,,,,,,,,
1,[USERNAME] boi ini gimane nih wifi gangguan mulu ? Jan mau kalah lah ama indie home . Kalo ampe bsk masih gangguan gue pake indie home aja lah,boi ini gimane nih wifi gangguan mulu Jan mau kalah lah ama indie rumah Kalo ampe bsk masih gangguan gue pake indie rumah aja lah,0.9504589438438416,1,[2.300e-03 9.956e-01 8.000e-04 7.000e-04 7.000e-04],1,[0.0051 0.9915 0.001  0.0011 0.0012],"{'boi': 'boi', 'jan': 'jan', 'home': 'rumah', 'ampe': 'ampe', 'gangguan': 'gangguan', 'pake': 'pake', 'wifi': 'wifi', 'indie': 'indie', 'kalo': 'kalo'}",1,1,0.4135,,,,,,,,,
3,"Tapi sekarang ini, ntah sejak kapan, pemikiran gue berubah. Kalo gue kepikiran untuk share hal yg gila, gue akan pikir 1000x untuk tulis di twitter/IG. Kenapa? Jempol netizen tak bisa dikalahkan.","Tapi sekarang ini, ntah sejak kapan, pemikiran gue berubah. Kalo gue kepikiran untuk share hal yg gila, gue akan pikir 1000x untuk tulis di twitter/IG. Kenapa? Jempol netizen tak bisa dikalahkan.",1.0,0,[0.5768 0.0045 0.0115 0.2557 0.1515],0,[0.5768 0.0045 0.0115 0.2557 0.1515],,3,3,0.1,,,,,,,,,
4,"Gaya Presiden Jokowi dalam blusukan adalah mendatangi masyarakat, bertanya, mendengar dan berdiskusi, sambil tak lupa menyalami masyarakat yang dijumpai. #JokowiSekaliLagi",Gaya Presiden Jokowi dalam blusukan adalah mendatangi mendengar dan sambil tak lupa menyalami Lay yang,0.9576552510261536,4,[0.0095 0.0038 0.0399 0.0027 0.9441],4,[0.2675 0.0904 0.206  0.0169 0.4192],"{'masyarakat': 'Lay', 'lupa': 'lupa', 'menyalami': 'menyalami', 'gaya': 'gaya'}",4,4,0.4299,,,,,,,,,
4,"Muka w mang gak indah, tp at least w bs jln ke tempat yg indah.. #myfaceismyproblemnotyours #dibikinasikaja #familytime #qualitytime @ Munduk, Bali, Indonesia [URL]",Muka w mang gak tp at least w bs Jalan ke tempat yg Indonesia,0.8592737913131714,4,[1.700e-03 7.000e-04 2.000e-03 5.000e-04 9.951e-01],4,[0.0336 0.0096 0.0024 0.0131 0.9413],"{'jln': 'Jalan', 'muka': 'muka', 'indonesia': 'Indonesia', 'w': 'w', 'tp': 'tp', 'bs': 'bs'}",4,4,0.4304,,,,,,,,,
0,"Innalillahi wa inna ilaihi rajiun. Kabar duka kembali menyelimuti Aceh. Pewaris Kesultanan Aceh, Teungku Putro Safiatuddin Cahya Nur Alam dikabarkan meninggal dunia di Kota Mataram, Nusa Tenggara Barat (NTB), Rabu (6/6/2018) sekira pukul 06.45 WITA. [URL]",Innalillahi wa inna ilaihi Kabar duka kembali menyelimuti Pewaris Kesultanan Teungku Putro Safiatuddin Cahya Nur Alam dikabarkan meninggal dunia di Kota Nusa Tenggara Barat Rabu sekira pukul,0.9296838641166688,0,[0.9837 0.0017 0.0022 0.011  0.0014],0,[0.9821 0.0024 0.0031 0.01   0.0024],"{'innalillahi': 'innalillahi', 'ilaihi': 'ilaihi', 'safiatuddin': 'safiatuddin', 'inna': 'inna', 'pewaris': 'pewaris', 'wa': 'wa', 'kesultanan': 'kesultanan', 'menyelimuti': 'menyelimuti', 'duka': 'duka', 'kabar': 'kabar', 'putro': 'putro', 'cahya': 'ringan', 'rabu': 'Rabu', 'alam': 'alam'}",0,0,3.5669,,,,,,,,,
1, Gak punya mobil ya naik kend umum.biar jln gk macet.gk ada uang tuk bayar TOL .ya lewat jalan tol ada pilihan !.Geto aja repot!,Gak punya mobil ya naik kend jln gk ada uang tuk bayar TOL lewat jalan tol ada pilihan aja,0.9620257616043092,1,[0.1495 0.7949 0.0024 0.0485 0.0046],0,[0.3718 0.1986 0.0035 0.1265 0.2997],"{'aja': 'aja', 'tuk': 'tuk', 'pilihan': 'pilihan', 'bayar': 'bayar', 'uang': 'uang', 'jalan': 'jalan', 'kend': 'kend', 'gak': 'tidak'}",4,1,0.5979,,,,,,,,,
3,Menurut ferry julianto foto2 spt ini menjadikan Jokowi was2.Foto ini malah memalukan masa iya petinggi dan ketua partai jadi jongos ormas.,Menurut ferry julianto foto2 spt ini menjadikan Jokowi ini malah memalukan masa iya petinggi dan ketua partai jadi jongos,0.9871748685836792,3,[0.0075 0.2383 0.0055 0.7436 0.0051],1,[1.010e-02 9.854e-01 7.000e-04 2.100e-03 1.600e-03],{},1,3,0.4125,,,,,,,,,
1,"Kalau orang yang digituin pakai hijab, bukan penyanyi dangdut, dan berpakian tertutup. Gue rasa orang masih akan bela, tapi hanya karena Via Vallen penyanyi dangdut yang terkenal dengan 'gay seksi', she deserved to be sexually harrased?",Kalau orang yang digituin pakai bukan penyanyi dan berpakian Gue rasa orang masih akan tapi hanya karena Via Vallen penyanyi dangdut yang terkenal dengan she deserved kepada jadilah sexually,0.9164671897888184,1,[0.3117 0.6483 0.0141 0.0061 0.0197],1,[0.2545 0.7002 0.0216 0.004  0.0197],"{'digituin': 'digituin', 'pakai': 'pakai', 'orang': 'orang', 'kalau': 'kalau', 'be': 'jadilah', 'to': 'kepada', 'penyanyi': 'penyanyi', 'via': 'via', 'sexually': 'sexually', 'vallen': 'vallen'}",1,0,0.4709,,,,,,,,,
2,"gua berasa stalker abis, nyari tau kenapa dia bisa se pendiem itu, nyari tau mantannya, nyari tau latar belakangnya, ngikutin dia sampe rumahnya, kenalan samaa nyokapnya, bikinin bekel, beliin oreo, beliin susu, i serach and give all he cintad. emang gua seagresif itu dulu.",saya berasa stalker nyari tahu kenapa dia bisa se pendiem nyari tahu nyari tahu latar ngikutin dia sampe pengenalan samaa bikinin beliin beliin i serach and memberi all dia emang saya seagresif itu,0.8296129107475281,2,[0.3462 0.0126 0.6208 0.0063 0.0141],0,[0.7296 0.0598 0.1981 0.0047 0.0078],"{'he': 'dia', 'tau': 'tahu', 'emang': 'emang', 'gua': 'saya', 'berasa': 'berasa', 'sampe': 'sampe', 'pendiem': 'pendiem', 'give': 'memberi', 'latar': 'latar', 'beliin': 'beliin', 'all': 'all', 'bikinin': 'bikinin', 'nyari': 'nyari', 'kenalan': 'pengenalan'}",2,2,0.522,,,,,,,,,
0,"Jd, kukira laporan2 yg ditulis oleh bahkan institusi internasional tuh akan padat berisi. Tp ternyata ga jg ya coy! Isinya jg bisa ngaco dan ga logis. Datanya bisa bener, tp tafsirnya engga.","Jd, kukira laporan2 yg ditulis oleh bahkan institusi internasional tuh akan padat berisi. Tp ternyata ga jg ya coy! Isinya jg bisa ngaco dan ga logis. Datanya bisa bener, tp tafsirnya engga.",1.0,3,[0.3201 0.0863 0.0027 0.5841 0.0067],3,[0.3201 0.0863 0.0027 0.5841 0.0067],,3,3,0.12,,,,,,,,,
1,belajar agama yg tuntas jd nga ngarang dalam hidup. Isa saja disebut2 dialquran trus lu mau jelek2in Isa?? Bisa baca alquran ga? [URL],belajar agama yg tuntas jd nga ngarang dalam Isa saja disebut2 dialquran trus lu mau jelek2in Bisa baca alquran,0.9573367834091188,1,[3.100e-03 9.924e-01 6.000e-04 3.200e-03 7.000e-04],1,[3.500e-03 9.923e-01 4.000e-04 2.700e-03 1.100e-03],"{'lu': 'lu', 'ngarang': 'ngarang', 'alquran': 'alquran', 'yg': 'yg', 'tuntas': 'tuntas', 'belajar': 'belajar', 'trus': 'trus'}",1,1,0.3838,,,,,,,,,
3,"[USERNAME] jujur ya gue juga takut, banci yang ngamen gitu sih, pernah kejadian soalnya banci ngebegal, serem banget kalo lahi marah marah sambil nodong piso",jujur ya gue juga banci yang ngamen gitu pernah kejadian soalnya banci serem banget kalo lahi marah marah sambil nodong piso,0.9470980167388916,3,[0.0016 0.0023 0.0029 0.99   0.0032],3,[0.0023 0.0035 0.0032 0.988  0.003 ],"{'piso': 'piso', 'banget': 'banget', 'kalo': 'kalo', 'marah': 'marah', 'kejadian': 'kejadian', 'nodong': 'nodong', 'lahi': 'lahi', 'ya': 'ya'}",3,3,0.6735,,,,,,,,,
1,"[USERNAME] tolong kepada petugas [USERNAME] dan atau polisi di jalan Tol cipularang km 101 arah jakarta, malam ini ada yg melempari kendaraan pake batu besar. saya salah satu korbannya.mohon diamankan!!",tolong kepada petugas dan atau polisi di jalan Tol cipularang km 101 arah malam ini ada yg melempari kendaraan pake batu saya salah satu,0.9342172145843506,1,[0.0384 0.5788 0.0075 0.3708 0.0044],1,[0.0271 0.8681 0.0028 0.0981 0.0039],"{'tolong': 'tolong', 'arah': 'arah', 'petugas': 'petugas', 'yg': 'yg', 'tol': 'tol', 'melempari': 'melempari', 'km': 'km', 'salah': 'salah', 'jalan': 'jalan'}",1,3,0.7307,,,,,,,,,
3,Aku terlalu takut untuk pulang ke rumah dan memutuskan menghabiskan malam di supermarket itu hingga pagi.,Aku terlalu takut untuk pulang ke rumah dan memutuskan menghabiskan malam di supermarket itu hingga,0.990545928478241,3,[0.0077 0.001  0.0049 0.9804 0.006 ],3,[0.0414 0.0134 0.0446 0.8839 0.0166],"{'aku': 'saya', 'pulang': 'pulang', 'menghabiskan': 'menghabiskan', 'rumah': 'rumah'}",3,3,0.6635,,,,,,,,,
1,"Ya apa salahnya si mbak dishare ulang, postan mu iku di grup udh tenggelem jauh. Kirim poto ini poto itu, tau sendiri kan. Gregetan aku tu mbak karo koe.",Ya apa salahnya si rindu dishare postan mu iku di grup Sudah tenggelem Kirim poto ini poto tahu sendiri Gregetan aku itu rindu karo,0.9072413444519044,1,[3.300e-03 9.946e-01 8.000e-04 7.000e-04 6.000e-04],1,[6.870e-02 9.259e-01 9.000e-04 3.700e-03 8.000e-04],"{'karo': 'karo', 'gregetan': 'gregetan', 'tau': 'tahu', 'poto': 'poto', 'salahnya': 'salahnya', 'mu': 'mu', 'mbak': 'rindu', 'si': 'si', 'tenggelem': 'tenggelem', 'udh': 'Sudah', 'tu': 'itu'}",0,1,0.7038,,,,,,,,,
0,"Di line ada lapak yg lagi rame berantem bahas ""orang jawa yg ngomong pake gue/lo"" trs yg bikin status pake bahasa jawa,yg komen jg pake bahasa jawa, lalu aku termenung karena aku tak mengerti:(",Di line ada lapak yg lagi rame berantem bahas jawa yg ngomong pake trs yg bikin status pake bahasa komen jg pake bahasa lalu aku termenung karena aku tak,0.9804178476333618,0,[9.681e-01 1.440e-02 1.000e-03 1.580e-02 8.000e-04],0,[0.9732 0.0169 0.001  0.0075 0.0014],"{'status': 'status', 'bahas': 'bahas', 'bahasa': 'bahasa', 'pake': 'pake', 'jawa': 'jawa', 'bikin': 'bikin', 'ngomong': 'ngomong', 'jg': 'jg', 'yg': 'yg', 'trs': 'trs'}",0,0,0.7453,,,,,,,,,
2,"Begitu mulianya tugas orang tua membesarkan anak. Mengemban amanah dari Tuhan untuk menjaga, mendidik, menyayangi dan memelihara anak. Berilah ia cinta dan kebutuhan lahir dan batinnya.",Begitu mulianya Kewajipan orang tua membesarkan Mengemban amanah dari Tuhan untuk menyayangi dan memelihara Berilah ia cinta dan kebutuhan lahir dan,0.9280946254730223,2,[0.0025 0.0013 0.9862 0.0038 0.0062],2,[0.0077 0.0011 0.9838 0.0025 0.0049],"{'cinta': 'cinta', 'mulianya': 'mulianya', 'tugas': 'Kewajipan', 'begitu': 'jadi', 'berilah': 'memberi', 'menyayangi': 'menyayangi', 'tuhan': 'tuhan', 'orang': 'orang', 'lahir': 'lahir'}",2,2,1.0258,,,,,,,,,
1,"Ya makanya diganti pakai unsur ""setiap orang"" biar semuanya kena. Katanya mau mengkriminalisasi semua perbuatan cabul... [URL]",Ya makanya diganti pakai unsur biar semuanya Katanya mau mengkriminalisasi semua perbuatan,0.8865052461624146,1,[1.300e-03 9.972e-01 4.000e-04 7.000e-04 3.000e-04],1,[4.70e-03 9.92e-01 6.00e-04 1.40e-03 1.30e-03],"{'perbuatan': 'perbuatan', 'mengkriminalisasi': 'mengkriminalisasi', 'katanya': 'katanya', 'pakai': 'pakai'}",1,1,0.7533,,,,,,,,,
0,"Sayangnya aku cuma manusia biasa yang tidak bisa menolak datangnya cinta, hanya bisa memendam tanpa mengutarakan, dan memperhatikan dari jauh","Sayangnya aku cuma manusia biasa yang tidak bisa menolak datangnya cinta, hanya bisa memendam tanpa mengutarakan, dan memperhatikan dari jauh",1.0,2,[0.1169 0.0029 0.8751 0.0033 0.0018],2,[0.1169 0.0029 0.8751 0.0033 0.0018],,2,2,0.21,,,,,,,,,
0,"[USERNAME] Nokia c3 termasuk barang mewah di kala itu, tiap ada yang make c3 langsung segan. Apalagi bb ngaoahahaha Dulu beli pas harga berapa? Seumur-umur aqu ga pernah make bb soalnya huuhu",Nokia c3 termasuk barang mewah di kala tiap ada yang make c3 langsung Apalagi bb ngaoahahaha Dulu beli pas harga aqu ga pernah make bb soalnya huuhu,0.9583967924118042,0,[0.5807 0.0025 0.0078 0.1611 0.2479],4,[0.2273 0.0063 0.0139 0.0075 0.745 ],"{'ngaoahahaha': 'ngaoahahaha', 'bb': 'bb', 'pas': 'pas', 'barang': 'barang', 'ga': 'ga', 'huuhu': 'huuhu', 'beli': 'beli', 'mewah': 'mewah', 'langsung': 'langsung'}",4,4,0.7602,,,,,,,,,
0,iya bener loh han.. cinta tuh gk harus nikah gitu. Bisa aja kebetulan dia atau km nikahnya malah sama org lain :(,iya bener loh han.. cinta tuh gk harus nikah gitu. Bisa aja kebetulan dia atau km nikahnya malah sama org lain :(,1.0,2,[0.0994 0.0051 0.8607 0.0327 0.0021],2,[0.0994 0.0051 0.8607 0.0327 0.0021],,2,2,0.27,,,,,,,,,
0,"Beliau bilang, jadwal uas terakhir keluar tgl 25 Mei. Cukup lama untuk kami berdua memiliki waktu protes. Tapi ya namanya mahasiswa tua, jangankan liat jadwal uas, kekampus aja boro2 tiap hari :) Kami diam. Sebelumnya sudah saya singgung mengenai 'jadwal ujian final' pada beliau",Beliau jadwal uas terakhir keluar tgl 25 Cukup lama untuk kami berdua memiliki waktu Tapi ya namanya pelajar jangankan liat jadwal kekampus aja boro2 tiap hari Kami Sebelumnya sudah saya singgung mengenai ujian pada beliau,0.9416035413742064,0,[9.837e-01 4.800e-03 8.000e-04 8.600e-03 2.100e-03],0,[0.9223 0.0027 0.0041 0.011  0.0599],"{'mahasiswa': 'pelajar', 'memiliki': 'memiliki', 'aja': 'aja', 'cukup': 'cukup', 'berdua': 'berdua', 'jadwal': 'jadwal', 'kekampus': 'kekampus', 'uas': 'uas', 'ya': 'ya', 'tapi': 'tetapi', 'tgl': 'tgl'}",0,0,0.7722,,,,,,,,,
4,"Indonesia kian dipandang elok,kinerja pak jokowi n kabinet sukses dgn penuh inovasi n berjaya seantero nkri yg lain minus2 trus krna tdk mampu",Indonesia kian dipandang pak jokowi n kabinet sukses dgn penuh inovasi n berjaya seantero nkri yg lain minus2 trus krna tdk mampu,0.9953408241271972,4,[0.0351 0.0069 0.0021 0.0029 0.953 ],4,[0.0538 0.015  0.0026 0.004  0.9246],"{'kian': 'kian', 'krna': 'krna', 'seantero': 'seantero', 'jokowi': 'jokowi', 'yg': 'yg', 'penuh': 'penuh', 'n': 'n', 'dipandang': 'dipandang', 'indonesia': 'Indonesia'}",4,4,0.5155,,,,,,,,,
2,`Percayalah Hati Ini Hanya Untuk Mu,Hati Ini Hanya Untuk Mu,0.9764703512191772,2,[0.0045 0.0012 0.9913 0.0013 0.0017],2,[0.0119 0.0022 0.9808 0.0011 0.0039],"{'mu': 'mu', 'hati': 'hati', 'hanya': 'hanya'}",2,2,0.6451,,,,,,,,,
4,"Ceritanya makan malam ini ala2 korea Pas belanja bulanan eee nemu daging premium lagi diskon langsung deh di ambil Nasi putih ,nori, minyak wijen, wijen aduk jd 1 Sapi lada hitam",Ceritanya makan malam ini ala2 korea Pas belanja bulanan eee nemu daging premium lagi diskon langsung deh di ambil Nasi putih minyak wijen aduk jd 1 Sapi lada hitam,0.9879587292671204,4,[0.0293 0.0022 0.005  0.0082 0.9553],4,[0.0266 0.0018 0.0033 0.0083 0.96  ],"{'belanja': 'belanja', 'diskon': 'diskon', 'langsung': 'langsung', 'nemu': 'nemu', 'deh': 'deh', 'korea': 'korea', 'ceritanya': 'ceritanya', 'ambil': 'ambil', 'pas': 'pas', 'hitam': 'hitam', 'makan': 'makan', 'putih': 'putih', 'bulanan': 'bulanan'}",4,4,0.7527,,,,,,,,,
4,"Aplikasi pencatatan keuangan semacam money manager memang berguna ya. Jadi tahu sebenarnya pengeluaran kita per bulan itu berapa. Yg penting konsisten aja catetnya. Abis ngeluarin uang, walaupun parkir di Indomaret 2000 perak, tetap dicatet.",Aplikasi pencatatan keuangan semacam money pentadbir memang berguna Jadi tahu sebenarnya pengeluaran kita per bulan itu Yg penting konsisten aja Abis ngeluarin walaupun parkir di Indomaret 2000 tetap,0.9573737382888794,4,[0.0029 0.0023 0.004  0.0026 0.9882],4,[0.0197 0.0097 0.0051 0.0151 0.9504],"{'konsisten': 'konsisten', 'pengeluaran': 'pengeluaran', 'aplikasi': 'aplikasi', 'jadi': 'jadi', 'keuangan': 'keuangan', 'yg': 'yg', 'indomaret': 'indomaret', 'aja': 'aja', 'manager': 'pentadbir'}",4,4,0.7946,,,,,,,,,
1,"Pas masuk udah bilang, iyah soalnya saya bingung ke sana di mana2 macet. Duh kenapa juga ambil orderan saya Pak. Ini belom jam kantor pulang lo. Macet jg lampu merah doang. Jalan. Belom tauk Cikampek sama JoRR nih. ",Pas masuk udah iyah soalnya saya salah ke sana di mana2 Duh kenapa juga ambil orderan saya Ini belom jam pejabat pulang Macet jg lampu merah Belom tauk Cikampek sama JoRR,0.9374328851699828,1,[8.700e-02 8.583e-01 7.000e-04 5.290e-02 1.100e-03],1,[2.129e-01 7.729e-01 7.000e-04 1.230e-02 1.200e-03],"{'belom': 'belom', 'iyah': 'iyah', 'bingung': 'salah', 'macet': 'sesak', 'cikampek': 'cikampek', 'pas': 'pas', 'duh': 'duh', 'jorr': 'jorr', 'tauk': 'tauk', 'kantor': 'pejabat'}",1,3,2.2523,,,,,,,,,
4,AAAAAK SUKA BANGET. feel sehabis nonton sama kayak the greatest showman. ikut nyanyi pas dancing queen dan mamma mia. dan dancing queen yg ini jauuuuh lebih asik drpd yg versi meryl streep di film pertama hehe. RASANYA MAU BALIK NONTON LAGI,AAAAAK SUKA feel sehabis menonton sama kayak the greatest ikut nyanyi pas dancing queen dan mamma dan dancing queen yg ini jauuuuh lebih asik drpd yg versi meryl streep di film pertama RASANYA MAU BALIK NONTON LAGI,0.9820300340652466,4,[1.200e-03 9.000e-04 2.860e-02 1.900e-03 9.675e-01],4,[0.0019 0.0011 0.0168 0.0015 0.9786],"{'lagi': 'lagi', 'asik': 'asik', 'kayak': 'kayak', 'nonton': 'menonton', 'greatest': 'greatest', 'film': 'film', 'feel': 'feel', 'queen': 'queen', 'nyanyi': 'nyanyi', 'the': 'the', 'yg': 'yg', 'sehabis': 'sehabis', 'balik': 'balik', 'rasanya': 'rasanya', 'dancing': 'dancing'}",4,4,0.8819,,,,,,,,,
4,"Kuliner yang lagi hitz di Yogyakarta. Namanya ""ceplukan"". Jaman masih kecil tahun 1980-an suka mencari ceplukan di kebun. Setelah hampir 30 tahun, makan buah ini lagi. Viva la Ceplukan [URL]",Kuliner yang lagi hitz di Namanya Jaman masih kecil tahun suka mencari ceplukan di Setelah hampir 30 makan buah ini Viva la Ceplukan,0.9446825385093688,4,[3.700e-03 5.000e-04 2.100e-03 7.000e-04 9.931e-01],4,[0.007  0.001  0.0028 0.0026 0.9866],"{'hitz': 'hitz', 'ceplukan': 'ceplukan', 'buah': 'buah', 'suka': 'suka', 'la': 'la', 'jaman': 'jaman', 'makan': 'makan'}",4,4,0.7067,,,,,,,,,
4,"Saya serius, kalopun pak [USERNAME] nanti kalah, sy mending kalah sama yusril daripada sama prabowo Tapi kan gak mungkin kalah ya...hahaha [URL]",Saya walaupun pak nanti sy mending kalah sama yusril daripada sama prabowo Tapi kan tidak mungkin kalah,0.8993016481399536,4,[0.082  0.0215 0.0065 0.194  0.6959],3,[0.3158 0.2668 0.0054 0.338  0.0741],"{'mending': 'mending', 'saya': 'saya', 'kalah': 'kalah', 'gak': 'tidak', 'kalopun': 'walaupun'}",3,4,0.7153,,,,,,,,,
1,"[USERNAME] Cuma mau nunjukkin ini, Kak.. Kalo linimasa aku yg begini kamu samain sama mereka yang tergugah isu-isu busuk politik, da aku bisa bilang apa lagii ~~ [URL]","[USERNAME] Cuma mau nunjukkin ini, Kak.. Kalo linimasa aku yg begini kamu samain sama mereka yang tergugah isu-isu busuk politik, da aku bisa bilang apa lagii ~~ [URL]",1.0,0,[9.518e-01 3.950e-02 4.700e-03 3.300e-03 6.000e-04],0,[9.518e-01 3.950e-02 4.700e-03 3.300e-03 6.000e-04],,0,0,0.2,,,,,,,,,
1,[USERNAME] [USERNAME] Kalo yg di Jakarta kan jago nyembunyiin buktinya dia punya perusahaan offshore yg bikin namanya muncul di Panama Paper... jadi harus jago banget untuk bisa temuin bukti,Kalo yg di Jakarta kan jago bersembunyi bukti dia punya perusahaan offshore yg bikin namanya muncul di Panama jadi harus jago banget untuk bisa temuin bukti,0.9443941712379456,1,[0.0287 0.9128 0.0013 0.0524 0.0049],1,[0.0152 0.8992 0.0036 0.0672 0.0149],"{'bukti': 'bukti', 'nyembunyiin': 'bersembunyi', 'perusahaan': 'perusahaan', 'jago': 'jago', 'yg': 'yg', 'buktinya': 'bukti', 'bikin': 'bikin', 'jakarta': 'Jakarta', 'kalo': 'kalo'}",1,1,0.7467,,,,,,,,,
0,"Yaampun aslii deh ga lagi ngopi malem2 -,- alhasil ga bisa tidur sampe jm 4 pagi trus jam /6 udah kebangun lagi dan ga bisa merem lagi sampe sekarang padahal mata berat tapi ga bisa diajak merem jugaaa",Yaampun aslii deh ga lagi ngopi malem2 alhasil ga bisa tidur sampe jm 4 pagi trus jam udah kebangun lagi dan ga bisa merem lagi sampe sekarang padahal mata berat tapi ga bisa diajak merem jugaaa,0.9939171075820924,0,[0.9706 0.0023 0.0017 0.0228 0.0026],0,[0.9782 0.0027 0.0017 0.0144 0.003 ],"{'jugaaa': 'jugaaa', 'jam': 'jam', 'deh': 'deh', 'ngopi': 'ngopi', 'ga': 'ga', 'kebangun': 'kebangun', 'udah': 'udah', 'diajak': 'diajak', 'aslii': 'aslii', 'sampe': 'sampe', 'merem': 'merem', 'trus': 'trus', 'pagi': 'pagi'}",0,0,0.9239,,,,,,,,,
0,mau banget disposable cameranya karena emg dr dulu pengen punya aja tp blm smpt karena sayang duit,mau banget disposable cameranya karena emg dr dulu pengen punya aja tp blm smpt karena sayang duit,1.0000001192092896,0,[0.4308 0.0034 0.1745 0.0202 0.3711],0,[0.4308 0.0034 0.1745 0.0202 0.3711],"{'tp': 'tp', 'emg': 'emg', 'duit': 'duit', 'smpt': 'smpt', 'aja': 'aja', 'dr': 'dr', 'blm': 'blm'}",0,0,0.7113,,,,,,,,,
1,"Emang bener yaa ""Orang baik pasti sama yg baik "" Jahat ya sama yang jahat ""Tukang selingkuh ya sama yg tukang selingkuh juga, trus nikah sama2 di selingkuhin"" Jodoh itu cerminan diri, makanya banyakin ngaca","Emang bener yaa ""Orang baik pasti sama yg baik "" Jahat ya sama yang jahat ""Tukang selingkuh ya sama yg tukang selingkuh juga, trus nikah sama2 di selingkuhin"" Jodoh itu cerminan diri, makanya banyakin ngaca",1.0,0,[0.6839 0.257  0.0166 0.0304 0.0121],0,[0.6839 0.257  0.0166 0.0304 0.0121],,0,0,0.2,,,,,,,,,
2,Cinta datang tanpa di rencanakan Cinta datang begitu saja Tidak pernah ada waktu dan tempat untuk cinta sejati Semuanya terjadi tnp sengaja. Dlm satu detak jantung Dalam satu irama Tapi bisa menghasilkan Moment yang penuh arti #keseleoCinta #EfekGaBisaTidur [URL],Cinta datang tanpa di rencanakan Cinta datang begitu saja Tidak pernah ada waktu dan tempat untuk cinta sejati Semuanya terjadi tnp Dlm satu detak jantung Dalam satu irama Tapi bisa menghasilkan Moment yang penuh arti,0.9890294075012208,2,[0.3121 0.0053 0.6741 0.006  0.0024],2,[0.003  0.0012 0.9922 0.0012 0.0023],"{'arti': 'arti', 'penuh': 'penuh', 'menghasilkan': 'menghasilkan', 'tapi': 'tetapi', 'irama': 'irama', 'detak': 'detak', 'cinta': 'cinta', 'moment': 'moment', 'tidak': 'tidak', 'semuanya': 'semuanya'}",2,2,0.7706,,,,,,,,,
1,"Pasti pada banyak yg mikir ""apasi bel sok2 di update lagi, biar ikutan viral kan?"" Hm, gapapa kok kalian semua disini nggak retweet or reply this thread, cuma mau nunjukin aja kalo ya mau kita artis kek mau org biasa kek mau siapa kek ya emg berhak marah kalo dilecehin.",Pasti pada banyak yg fikir bel sok2 di update biar ikutan viral gapapa kok kalian semua disini nggak retweet or reply ini cuma mau nunjukin aja kalo ya mau kita artis kek mau org biasa kek mau siapa kek ya emg berhak marah kalo,0.9777695536613464,1,[0.0135 0.9682 0.0014 0.0141 0.0028],1,[4.400e-03 9.888e-01 7.000e-04 5.000e-03 1.200e-03],"{'marah': 'marah', 'kalo': 'kalo', 'nggak': 'nggak', 'berhak': 'berhak', 'retweet': 'retweet', 'emg': 'emg', 'reply': 'reply', 'mikir': 'fikir', 'yg': 'yg', 'kek': 'kek', 'bel': 'bel', 'this': 'ini', 'pasti': 'pasti', 'biar': 'biar', 'ya': 'ya'}",1,1,0.936,,,,,,,,,
1,okay ternyata emosi saya sekarang bnr2 balik lagi kaya dulu ya alah kenapa jadi begini lagi yang tidak-bisa control emosi >_<,okay ternyata emosi saya sekarang bnr2 balik lagi kaya dulu ya alah kenapa jadi begini lagi yang tidak-bisa control emosi >_<,1.0,0,[0.9811 0.0081 0.0021 0.0072 0.0014],0,[0.9811 0.0081 0.0021 0.0072 0.0014],,0,0,0.2,,,,,,,,,
2,"Sudah waktunya memfokuskan niat kita serta dan meraih hati,, I love you sayangku dan mengizinkan getaran cinta itu untuk menghangatkan jiwa yang haus akan kasih dan sayang",Sudah waktunya memfokuskan niat kita serta dan dicapai I love you sayangku dan mengizinkan getaran cinta itu untuk menghangatkan jiwa yang haus akan cinta dan sayang,0.9831371903419496,2,[7.00e-04 7.00e-04 9.97e-01 7.00e-04 8.00e-04],2,[1.300e-03 1.100e-03 9.959e-01 1.100e-03 6.000e-04],"{'sayangku': 'sayangku', 'meraih': 'dicapai', 'memfokuskan': 'memfokuskan', 'love': 'love', 'you': 'you', 'jiwa': 'jiwa', 'sayang': 'sayang', 'kasih': 'cinta', 'sudah': 'sudah'}",2,2,0.7787,,,,,,,,,
2,seluruh hidup saya. saya dedikasikan dan saya peruntukkan sebagai contoh untuk dia. bahkan saya rela mengubur mimpi saya dalam dalam demi bisa memperjuangkan cita cita nya. sesayang itu. saya tidak mau dia merasakan sulitnya hidup seperti apa yang saya sudah lalui.,seluruh hidup saya dedikasikan dan saya peruntukkan sebagai contoh untuk bahkan saya mampu mengubur mimpi saya dalam dalam demi bisa memperjuangkan cita cita sesayang saya tidak mau dia merasakan sulitnya hidup seperti apa yang saya sudah,0.9833050966262816,2,[2.800e-03 7.000e-04 9.908e-01 2.400e-03 3.300e-03],2,[1.620e-02 9.000e-04 9.607e-01 1.800e-03 2.030e-02],"{'sesayang': 'sesayang', 'dedikasikan': 'dedikasikan', 'peruntukkan': 'peruntukkan', 'rela': 'mampu', 'mimpi': 'mimpi', 'merasakan': 'merasakan', 'mengubur': 'mengubur', 'sulitnya': 'sulitnya'}",2,2,0.8512,,,,,,,,,
2,WOI PIYIK KU INI ASAI NANAMI SAYANG KU CINTA YAALLAH BANGGANYA DIRIKU PADA MU SAYANG YAALLAH DEEP VOICENYA BAGUS BNGT YAALLAH YAALLAH LUCU BNGT INI MANUSIA [URL],WOI PIYIK KU INI ASAI NANAMI SAYANG KU CINTA YAALLAH BANGGANYA DIRIKU PADA MU SAYANG YAALLAH DEEP VOICENYA BAGUS BNGT YAALLAH YAALLAH LUCU BNGT INI MANUSIA,0.9843385219573976,2,[9.000e-04 1.500e-03 9.836e-01 7.000e-04 1.330e-02],2,[1.20e-03 1.90e-03 9.78e-01 8.00e-04 1.82e-02],"{'yaallah': 'yaallah', 'sayang': 'sayang', 'nanami': 'Nanami', 'cinta': 'cinta', 'bangganya': 'bangga', 'voicenya': 'voicenya', 'deep': 'dalam', 'pada': 'pada', 'diriku': 'diriku', 'lucu': 'jenaka', 'ku': 'ku', 'mu': 'mu'}",2,2,1.7221,,,,,,,,,
0,"[USERNAME] aku merasa gagal menjadi teman, aku tadi cuman mau bohong tapi jawaban mu seperti itu, termakan sendiri aku, sedih wed, maaf yaa",aku merasa gagal menjadi aku tadi cuman mau bohong tapi jawaban mu seperti termakan sendiri sedih maaf yaa,0.9289404153823853,0,[9.881e-01 5.200e-03 3.800e-03 2.300e-03 6.000e-04],0,[0.9867 0.0064 0.0018 0.0037 0.0014],"{'sedih': 'sedih', 'maaf': 'maaf', 'termakan': 'termakan', 'gagal': 'gagal'}",0,0,0.6645,,,,,,,,,
4,"Yakinlah ada sesuatu yang menantimu selepas banyak kesabaran (yang kau jalani), yang akan membuatmu terpana hingga kau lupa pedihnya rasa sakit - Ali Bin Abi Thalib-",Yakinlah ada sesuatu yang menantimu selepas banyak kesabaran kau yang akan membuatmu terpana hingga kau lupa sakit rasa sakit Ali Bin Abi,0.972768783569336,4,[0.2907 0.0016 0.1962 0.0172 0.4943],0,[0.8775 0.0035 0.0458 0.0441 0.0291],"{'terpana': 'terpana', 'kau': 'kau', 'pedihnya': 'sakit', 'kesabaran': 'kesabaran', 'lupa': 'lupa', 'sakit': 'sakit', 'selepas': 'selepas'}",2,2,0.6499,,,,,,,,,
3,minum obat kamu jangan sampai sakit ye awas saja kalau besok tidak-masuk,minum obat kamu jangan sampai sakit ye awas saja kalau esok,0.9776412844657898,3,[0.01   0.0443 0.0072 0.9307 0.0079],3,[0.0108 0.0215 0.0065 0.9565 0.0047],"{'ye': 'ye', 'besok': 'esok', 'sakit': 'sakit'}",3,3,0.6797,,,,,,,,,
0,"Sebagai manusia aku bisa saja salah saat melihat manusia lain. Aku cuma sedang melihat diriku sendiri sebenernya. Jadi aku minta maaf ya shan, seperti yg biasa aku lakukan","Sebagai manusia aku bisa saja salah saat melihat manusia lain. Aku cuma sedang melihat diriku sendiri sebenernya. Jadi aku minta maaf ya shan, seperti yg biasa aku lakukan",1.0,2,[0.3617 0.0077 0.579  0.0309 0.0207],2,[0.3617 0.0077 0.579  0.0309 0.0207],,2,2,0.21,,,,,,,,,
4,"[USERNAME] Iyaaa ya Mas mudah memberi gelar sm yg g sepaham, pdhl hidup memang lebih indah krn banyak warna dan perbedaan supaya kita didewasakan baik iman dan prilaku krn semua mahluk ciptaan Tuhan","[USERNAME] Iyaaa ya Mas mudah memberi gelar sm yg g sepaham, pdhl hidup memang lebih indah krn banyak warna dan perbedaan supaya kita didewasakan baik iman dan prilaku krn semua mahluk ciptaan Tuhan",1.0,1,[0.4125 0.4245 0.0027 0.0694 0.0909],1,[0.4125 0.4245 0.0027 0.0694 0.0909],,4,4,0.2,,,,,,,,,
1,saya kecewa ......atau kita dipaksa golput .....presiden RI kok takut sm FPI...@DivHumas_Polri [USERNAME] [USERNAME] [USERNAME] [USERNAME],saya kecewa kita dipaksa golput RI kok takut sm,0.6275817155838013,1,[2.400e-03 9.961e-01 5.000e-04 8.000e-04 2.000e-04],1,[9.300e-03 9.802e-01 6.000e-04 9.200e-03 6.000e-04],"{'sm': 'sm', 'ri': 'ri', 'takut': 'takut'}",1,1,0.6541,,,,,,,,,
0,"Saya terlalu sibuk menggalau hingga lupa kalo kemarin lusa oshimen pada zamannya berganti umur yang ke...?? Entahlah, akupun tak tau~ [USERNAME] [URL]",Saya terlalu sibuk menggalau hingga lupa kalo semalaman lusa oshimen pada zamannya berganti umur yang akupun tak,0.8890770673751831,0,[0.9869 0.0026 0.0028 0.0063 0.0015],0,[0.9496 0.0304 0.0027 0.014  0.0032],"{'umur': 'umur', 'kemarin': 'semalaman', 'akupun': 'akupun', 'sibuk': 'sibuk', 'lupa': 'lupa', 'oshimen': 'oshimen', 'berganti': 'berganti'}",0,0,0.7,,,,,,,,,
0,petani dieng rugi akibat bun upas - mungkin sudah mulai harus di kencangkan kerjasama BMKG Dengan Dinas Pertanian untuk wilayah2 khusus seperti dieng supaya ada peringatan dini bun upas - apakah memungkinkan? [USERNAME],petani dieng rugi akibat bun upas - mungkin sudah mulai harus di kencangkan kerjasama BMKG Dengan Dinas Pertanian untuk wilayah2 khusus seperti dieng supaya ada peringatan dini bun upas - apakah memungkinkan? [USERNAME],1.0,3,[0.0321 0.0195 0.0058 0.9386 0.004 ],3,[0.0321 0.0195 0.0058 0.9386 0.004 ],,3,3,0.29,,,,,,,,,
4,"Udah mandi mas, sampe berendem malah biar wangi ga ilang sampe sore :D",Udah mandi sampe mandi malah biar wangi ga ilang sampe sore,0.8962819576263428,4,[0.1103 0.0041 0.0239 0.0935 0.7682],4,[0.1305 0.0082 0.0332 0.0331 0.7951],"{'sampe': 'sampe', 'berendem': 'mandi', 'mandi': 'mandi', 'udah': 'udah'}",4,4,0.758,,,,,,,,,
3,"Duh beberapa hari ini kok rasanya seneng ya, kayak bakal terjadi sesuatu yg menyenangkan. Ini kalo realitanya ntr malah kebalikan kan sediiiihhhh.",Duh beberapa hari ini kok rasanya seneng kayak bakal terjadi sesuatu yg Ini kalo realitanya ntr malah kebalikan kan,0.9737840294837952,3,[0.0516 0.0019 0.003  0.7975 0.1459],3,[0.0364 0.0028 0.0028 0.5601 0.398 ],"{'kebalikan': 'kebalikan', 'kayak': 'kayak', 'kalo': 'kalo', 'duh': 'duh'}",3,3,0.7292,,,,,,,,,
0,kadang pulang cerita ke anak isteri abis nonton konser a b c dan gratis krn sembari kerja. tapi... tiap anaknya nanya konser ina itu kelewatan. sedih. #yha.,kadang pulang cerita ke anak isteri abis nonton konser a b c dan gratis krn sembari tiap anaknya nanya konser ina itu,0.9727752804756165,0,[0.9886 0.0013 0.0016 0.0047 0.0038],4,[0.0168 0.0022 0.0046 0.0033 0.9731],{},4,0,0.7171,,,,,,,,,
4,"Klo udah denger gitu, meskipun tau itu adalah kalimat yg diulang2 tp efek menenangkannya slalu sama.. intinya kata Bapak, ""rumuse sabar dan tawakal, maka akan ada rezeki dari arah yg tdk di sangka2.. wes to percoyo ae, wes bismillah""",Klo udah denger meskipun tau itu adalah kalimat yg diulang2 tp kesan menenangkannya sentiasa intinya kata sabar dan maka akan ada rezeki dari arah yg tdk di wes kepada percoyo wes,0.9713400602340698,4,[5.400e-03 8.000e-04 1.130e-02 2.300e-03 9.802e-01],4,[0.0453 0.0021 0.0084 0.0094 0.9347],"{'wes': 'wes', 'efek': 'kesan', 'rezeki': 'rezeki', 'menenangkannya': 'menenangkannya', 'tp': 'tp', 'kalimat': 'kalimat', 'to': 'kepada', 'slalu': 'sentiasa', 'yg': 'yg', 'udah': 'udah'}",4,4,0.785,,,,,,,,,
1,jujur aja cukup yah kegoblokan kegilaan gw hrs sadar .gw pgn segera keluar dari lingkaran setan hidup disini byk sodara dengki n jahat sm gw ga kuat gw ..n terutama sepupu sialan cln penghuni neraka si lina n lakinya n si lita jg najiiiis lo sialan,jujur aja cukup yah kegoblokan kegilaan w hrs sadar pgn segera keluar dari lingkaran setan hidup disini byk sodara dengki n jahat sm w ga kuat w terutama sepupu sialan cln penghuni neraka si lina n lakinya n si lita jg najiiiis lo sialan,0.8394328355789185,1,[2.460e-02 9.676e-01 8.000e-04 6.300e-03 6.000e-04],1,[4.200e-03 9.938e-01 3.000e-04 1.300e-03 3.000e-04],"{'hrs': 'hrs', 'lo': 'lo', 'sialan': 'sialan', 'sadar': 'sadar', 'setan': 'setan', 'yah': 'yah', 'jg': 'jg', 'sm': 'sm', 'si': 'si', 'n': 'n', 'dengki': 'dengki', 'neraka': 'neraka', 'lina': 'lina', 'aja': 'aja', 'jujur': 'jujur', 'gw': 'w', 'hidup': 'hidup', 'byk': 'byk', 'penghuni': 'penghuni', 'najiiiis': 'najiiiis'}",1,1,0.8643,,,,,,,,,
0,macetnya mantap #parkir,macetnya mantap,0.815492570400238,0,[0.7592 0.121  0.005  0.0896 0.0252],0,[0.7319 0.091  0.0196 0.0381 0.1193],{'mantap': 'mantap'},0,0,0.5212,,,,,,,,,
4,"[USERNAME] Manusialah, polisi penjaga yang bertugas di sekitar makam Mantan presiden Mustafa Kemal nah karena tinggi dan kek patung saya tertarik foto hahaha",polisi penjaga yang bertugas di sekitar makam Mantan presiden Mustafa Kemal nah karena tinggi dan kek patung saya tertarik foto hahaha,0.9702464938163756,4,[0.0122 0.001  0.0028 0.0046 0.9794],4,[0.0188 0.0025 0.0068 0.0082 0.9636],"{'hahaha': 'hahaha', 'tertarik': 'tertarik', 'kek': 'kek', 'polisi': 'polisi', 'makam': 'makam', 'patung': 'patung', 'presiden': 'presiden'}",4,4,0.4236,,,,,,,,,
1,"Kl ga kebukti ga perlu kabur tuh bangsat cabul, logika berpikir orang waras. Nah cabul imam pula dibela sampai mampus cm krn takut ga masuk surga lu? [URL]",Kl ga kebukti ga perlu kabur tuh bangsat logika berpikir orang Nah cabul imam pula dibela sampai mampus cm krn takut ga masuk surga,0.9639423489570618,1,[3.700e-03 9.822e-01 8.000e-04 1.260e-02 8.000e-04],1,[3.200e-03 9.888e-01 6.000e-04 6.700e-03 7.000e-04],"{'logika': 'logika', 'cabul': 'cabul', 'kabur': 'kabur', 'ga': 'ga', 'bangsat': 'bangsat', 'imam': 'imam', 'cm': 'cm', 'kl': 'kl', 'nah': 'nah', 'dibela': 'dibela', 'kebukti': 'kebukti'}",1,1,0.4459,,,,,,,,,
2,"Pacar yg baik adalah pacar yg nasehatin kamu gak pernah ngebentak, tp dgn lemah lembut & kasih sayang sambil tersenyum & menatap mata kamu",Pacar yg baik adalah pacar yg nasehatin kamu tidak pernah tp dgn lemah lembut kasih sayang sambil tersenyum termenung mata kamu,0.9821805953979492,2,[0.0017 0.001  0.9909 0.0014 0.005 ],2,[4.100e-03 1.100e-03 9.802e-01 7.000e-04 1.390e-02],"{'sayang': 'sayang', 'mata': 'mata', 'lembut': 'lembut', 'lemah': 'lemah', 'gak': 'tidak', 'menatap': 'termenung', 'pacar': 'pacar', 'nasehatin': 'nasehatin', 'dgn': 'dgn'}",2,2,0.4609,,,,,,,,,
3,"[askmf] abis baca menfess ini, aku sbg calon anak rantau ngerasa takut, minder, kalo temen2 disana diam2 ngerasa kesal dengan logat aku/ karena aku masih sering nyampur bahasa :( [URL]",abis baca menfess aku sbg calon anak rantau ngerasa kalo temen2 disana diam2 ngerasa kesal dengan logat karena aku masih sering nyampur bahasa,0.947179079055786,3,[0.0036 0.0016 0.0019 0.9911 0.0018],0,[0.5094 0.4578 0.0053 0.0222 0.0053],{'baca': 'baca'},0,3,0.6053,,,,,,,,,
1,"Hampir tiap hari Mbak kos suka ributin "" itu lo dua bodigardnya vela yg sukanya muterin halaman kosan "" -_- Mon maap ni ya mbak, temen w emang gada tau dirinya muterin halaman kos dg suara motor gede hampir tiap hari",Hampir tiap hari Mbak kos suka ributin itu lo dua bodigardnya vela yg sukanya muterin halaman kosan Mon maap ni ya temen w emang gada tahu dirinya muterin halaman kos dg suara motor gede hampir tiap hari,0.9804243445396424,1,[1.540e-02 9.783e-01 7.000e-04 5.100e-03 6.000e-04],1,[6.700e-03 9.891e-01 5.000e-04 3.200e-03 5.000e-04],"{'lo': 'lo', 'ributin': 'ributin', 'yg': 'yg', 'emang': 'emang', 'w': 'w', 'ni': 'ni', 'dg': 'dg', 'mbak': 'rindu', 'sukanya': 'sukanya', 'muterin': 'muterin', 'temen': 'temen', 'hampir': 'hampir', 'suka': 'suka', 'tau': 'tahu', 'bodigardnya': 'bodigardnya', 'mon': 'mon', 'vela': 'vela'}",1,1,0.7918,,,,,,,,,
2,"Alasan nama ria dan manusia bernama ria ini ada adalah tertawa walaupun dalam keadaan sedih sekalipun.kata 2 org tua itu.thanks God, i cintad them.",Alasan nama ria dan lelaki bernama ria ini ada adalah tertawa walaupun dalam keadaan sedih 2 org tua i cintad,0.9471075534820556,2,[0.0024 0.0016 0.7964 0.0011 0.1985],2,[0.012  0.0021 0.9411 0.0025 0.0423],"{'sedih': 'sedih', 'manusia': 'lelaki', 'bernama': 'bernama', 'ria': 'ria', 'nama': 'nama'}",2,2,0.6791,,,,,,,,,
4,"Gara gara lihat papa, om dan sepupunya tiap akhir pekan nobar bola, Nayla jadi suka bola juga, sedikiiiit tambah semangat pas nonton lagunya [USERNAME] ( [URL] pakai [USERNAME] #JADIBISA #RameinBola bareng mereka [URL]",Gara gara lihat om dan sepupunya tiap akhir pekan nobar Nayla jadi suka bola sedikiiiit tambah semangat pas menonton lagunya pakai bareng mereka,0.8326026797294617,4,[1.200e-03 5.000e-04 2.780e-02 8.000e-04 9.696e-01],4,[0.003  0.0012 0.1369 0.0016 0.8573],"{'semangat': 'semangat', 'om': 'om', 'gara': 'gara', 'pakai': 'pakai', 'nobar': 'nobar', 'nonton': 'menonton', 'lagunya': 'lagunya', 'pekan': 'pekan', 'sepupunya': 'sepupunya'}",4,4,0.7384,,,,,,,,,
2,"Lg ngobrol sama Kiya  : dek, doain mamah ya dek, supaya bisa blablabla. Dek Kiya bantu doa ya. : *Manggut-manggut, senyum"". Tulus bgt mukanya. Meski ga ngerti apa yg dimaksud, tp tiap bilang doain ya dek dia pasti senyum"" smbl peluk.","Lg ngobrol sama Kiya  : dek, doain mamah ya dek, supaya bisa blablabla. Dek Kiya bantu doa ya. : *Manggut-manggut, senyum"". Tulus bgt mukanya. Meski ga ngerti apa yg dimaksud, tp tiap bilang doain ya dek dia pasti senyum"" smbl peluk.",1.0,4,[2.000e-03 6.000e-04 5.300e-02 8.000e-04 9.435e-01],4,[2.000e-03 6.000e-04 5.300e-02 8.000e-04 9.435e-01],,2,2,0.17,,,,,,,,,
2,"Dik, semoga kau paham. Mencinta tapi belum halal, merindu namun belum sah. Ini tidak mudah karena kau harus dimuliakan. Perhatikan sikapku, apakah aku memilih kita berangkulan atau menuai nyaman dengan bergandengan. Aku hanya mensyukuri tiap pertemuan dengan cara mencuri pandang.","Dik, semoga kau paham. Mencinta tapi belum halal, merindu namun belum sah. Ini tidak mudah karena kau harus dimuliakan. Perhatikan sikapku, apakah aku memilih kita berangkulan atau menuai nyaman dengan bergandengan. Aku hanya mensyukuri tiap pertemuan dengan cara mencuri pandang.",1.0,0,[0.7002 0.004  0.2774 0.0126 0.0057],0,[0.7002 0.004  0.2774 0.0126 0.0057],,2,2,0.3,,,,,,,,,
0,"[USERNAME] Gak perlu bang Karni, yg perlu di buka sekarang adalah kasus2 pelanggaran HAM seperti penculikan dan pembunuhan mahasiswa di era orde baru.","[USERNAME] Gak perlu bang Karni, yg perlu di buka sekarang adalah kasus2 pelanggaran HAM seperti penculikan dan pembunuhan mahasiswa di era orde baru.",1.0,1,[3.450e-02 9.458e-01 7.000e-04 1.490e-02 4.200e-03],1,[3.450e-02 9.458e-01 7.000e-04 1.490e-02 4.200e-03],,1,1,0.19,,,,,,,,,
0,"Yuk, akhirnya msk minggu awal bln Juni 2018. Ga terasa udh setengah thn aj. Ternyata bnyak target yg blm terealisasi sampai skr. Hrs belajar displin konsisten biar bisnis Oriflame makin lancar",akhirnya msk minggu awal bln Juni Ga terasa Sudah setengah thn Ternyata bnyak sasaran yg blm terealisasi sampai Hrs belajar displin konsisten biar bisnis Oriflame makin lancar,0.91913902759552,0,[0.8387 0.0037 0.0031 0.0429 0.1116],0,[0.9487 0.0061 0.0024 0.015  0.0278],"{'ternyata': 'ternyata', 'bnyak': 'bnyak', 'udh': 'Sudah', 'thn': 'thn', 'target': 'sasaran', 'terealisasi': 'terealisasi', 'juni': 'juni', 'ga': 'ga', 'msk': 'msk', 'blm': 'blm', 'hrs': 'hrs', 'minggu': 'minggu'}",0,0,0.739,,,,,,,,,
1,Ancoooree udah dapat no antrian eh salah lagi yg di kasih B seharusnya A macam mana jak pelayanannya nih ? Dari tgl 02 / 10 -07-2018 ngurus surat pindah aja susahnya minta ampun sampai sekarang belum kelar lagi mana no antriannya udh habis lagi tolong dengarkan keluhan kami !!! [URL],Ancoooree udah dapat no antrian eh salah lagi yg di cinta B seharusnya A macam mana jak perkhidmatan nih Dari tgl 02 10 ngurus surat pindah aja susahnya minta ampun sampai sekarang belum selesai lagi mana no antriannya Sudah habis lagi tolong dengar keluhan kami,0.972198486328125,1,[6.400e-03 9.913e-01 1.000e-03 7.000e-04 6.000e-04],1,[0.0153 0.9803 0.0018 0.0013 0.0012],"{'jak': 'jak', 'pelayanannya': 'perkhidmatan', 'udah': 'udah', 'kelar': 'selesai', 'aja': 'aja', 'tgl': 'tgl', 'no': 'no', 'nih': 'nih', 'salah': 'salah', 'dengarkan': 'dengar', 'b': 'b', 'kasih': 'cinta', 'udh': 'Sudah', 'a': 'a', 'ancoooree': 'ancoooree'}",1,1,0.9978,,,,,,,,,
2,"10 hari terakhir ramadhan, ada 1 malam yang sangat mulia dr seribu bulan, selamat datang Lailatul Qadar, kami orang yang beriman sangat merindukan kedatangan mu...","10 hari terakhir ramadhan, ada 1 malam yang sangat mulia dr seribu bulan, selamat datang Lailatul Qadar, kami orang yang beriman sangat merindukan kedatangan mu...",1.0,4,[0.0107 0.0016 0.2455 0.0165 0.7257],4,[0.0107 0.0016 0.2455 0.0165 0.7257],,2,2,0.2,,,,,,,,,
4,"Dear sender menfes ini, dm aku terbuka banget kok :') ayuk cerita ke aku.. Aku mau kamu berbagi juga sama aku, kamu nggk sendiri. Aku sayang kamu","Dear sender menfes ini, dm aku terbuka banget kok :') ayuk cerita ke aku.. Aku mau kamu berbagi juga sama aku, kamu nggk sendiri. Aku sayang kamu",1.0,2,[1.500e-03 4.000e-04 9.928e-01 6.000e-04 4.700e-03],2,[1.500e-03 4.000e-04 9.928e-01 6.000e-04 4.700e-03],,2,2,0.23,,,,,,,,,
2,"g ikut ospek jurusan ada berkahnya, brwl dr krn g ikut ospek krn skit (hoream) jd kenal-& deket ,btw doi org yg bkn jdi semngt kuliah , doi orgnya pinter,pejuang sngad,atlet,model,duta,hits dll pd intinya jauh w sm aing yg tdr ml wkwk, ily qam trs smngtt!!","g ikut ospek jurusan ada berkahnya, brwl dr krn g ikut ospek krn skit (hoream) jd kenal-& deket ,btw doi org yg bkn jdi semngt kuliah , doi orgnya pinter,pejuang sngad,atlet,model,duta,hits dll pd intinya jauh w sm aing yg tdr ml wkwk, ily qam trs smngtt!!",1.0,4,[3.20e-03 9.00e-04 3.20e-03 7.00e-04 9.92e-01],4,[3.20e-03 9.00e-04 3.20e-03 7.00e-04 9.92e-01],,4,4,0.22,,,,,,,,,
1,"Bahkan gue prnh suatu hari make gamis panjang kerudung panjang dan di dalem KRL gerbong campuran masih aja ditatap lama, diliatin, bahkan ada cowok yg nanya ""mau plg kmn neng, rumah dmn, sendirian aja""gak cuma satu cowoknya, plus tmn2nya jg ngeledek2in.",Bahkan gue prnh suatu hari untuk gamis panjang kerudung panjang dan di dalem KRL troli campuran masih aja ditatap bahkan ada cowok yg nanya plg kmn rumah sendirian cuma satu plus tmn2nya jg,0.9654139280319214,1,[0.3776 0.604  0.0021 0.0146 0.0016],0,[0.9329 0.0151 0.0023 0.0401 0.0096],"{'aja': 'aja', 'ditatap': 'ditatap', 'jg': 'jg', 'kmn': 'kmn', 'nanya': 'nanya', 'rumah': 'rumah', 'plg': 'plg', 'krl': 'krl', 'plus': 'plus', 'make': 'untuk', 'gerbong': 'troli'}",4,0,1.1188,,,,,,,,,
4,"Selamat ulang tahun istriku tersayang, yulyyanti_armal_prasetiyo . Semoga panjang umur, Sehat selalu, Rejekinya lancar, Tetap menjadi istri yang sholihah, Mendapatkan kemuliaan di [URL]",Selamat ulang tahun istriku Semoga panjang Sehat Rejekinya Tetap menjadi istri yang Mendapatkan kemuliaan di,0.8877483606338501,4,[0.0025 0.0011 0.0445 0.0037 0.9482],4,[0.0061 0.0028 0.0318 0.0046 0.9547],"{'ulang': 'ulang', 'tetap': 'tetap', 'rejekinya': 'rejekinya', 'sehat': 'sihat', 'kemuliaan': 'kemuliaan', 'semoga': 'Semoga'}",4,4,0.65,,,,,,,,,
3,"Inilah salah satu sebab kenapa aku mending nggak usah punya anak. Cuma suka anak kecil selama masih lucu aja. Ya tapi kalo dikasih makan, anak kecil pasti jadi anak besar kan ya...","Inilah salah satu sebab kenapa aku mending nggak usah punya anak. Cuma suka anak kecil selama masih lucu aja. Ya tapi kalo dikasih makan, anak kecil pasti jadi anak besar kan ya...",1.0,0,[0.8442 0.0115 0.0056 0.1356 0.0031],0,[0.8442 0.0115 0.0056 0.1356 0.0031],,3,3,0.2,,,,,,,,,
1,[USERNAME] Uang yang ada Dompet Saya sudah 2 bulan tidak Bisa di Carikan gara2 di Bekukan Semua pertanyaan Pihak Bukalapak soal penjualan yang bermasalah sudah jawab semua sampai bukti2 nya pun Semua saya kirim Tapi Sampai Sekarang Dompet saya masih di,Uang yang ada Dompet Saya sudah 2 bulan tidak Bisa di Carikan gara2 di Bekukan Semua pertanyaan Pihak Bukalapak soal penjualan yang bermasalah sudah jawab semua sampai bukti2 miliknya pun Semua saya hantar Tapi Sampai Sekarang Dompet saya masih di,0.9841326475143432,1,[0.1731 0.7983 0.0045 0.0082 0.016 ],1,[0.2023 0.7589 0.0076 0.0098 0.0213],"{'tapi': 'tetapi', 'bermasalah': 'bermasalah', 'semua': 'semua', 'sampai': 'sampai', 'nya': 'miliknya', 'uang': 'uang', 'saya': 'saya', 'kirim': 'hantar', 'pihak': 'pihak'}",1,1,0.687,,,,,,,,,
1,Setiap peristiwa gw sikapi masing masing ..gak gw buat paket soale ya. Parpol parpol yg kadernya korup ada Bukan cuma korup tapi kejahatan lainnya. Pertanyaannya apakah setiap kejahatan itu selalu dihubungkan dgn Ketumnya? Kalo iya cek lagi kejahatan yg dilakukan kader parpol,Setiap peristiwa w sikapi masing masing w buat pakej soale Parpol parpol yg kadernya rasuah ada Bukan cuma rasuah tapi kejahatan Pertanyaannya apakah setiap kejahatan itu selalu dihubungkan dgn Kalo iya cek lagi kejahatan yg dilakukan kader parpol,0.939159631729126,1,[0.031  0.9325 0.0011 0.0334 0.002 ],1,[3.100e-03 9.937e-01 3.000e-04 2.200e-03 7.000e-04],"{'parpol': 'parpol', 'sikapi': 'sikapi', 'cek': 'cek', 'soale': 'soale', 'paket': 'pakej', 'kalo': 'kalo', 'pertanyaannya': 'pertanyaannya', 'setiap': 'setiap', 'yg': 'yg', 'gw': 'w', 'korup': 'rasuah', 'bukan': 'bukan', 'kejahatan': 'kejahatan', 'peristiwa': 'peristiwa'}",1,3,0.6554,,,,,,,,,
2,UMMAT MAU TGB Ini kami. Dari seluruh pelosok negeri. Berteriak dan berjanji. Meminta dan berharap. Deklarasi. Kiranya engkau wahai TGB sudi. Menjadi pemimpin kami. Sebab kami tahu. Engkau pemimpin amanah. Kerna kami lihat engkau imam ummat. #TGBHarapan2019 [URL],UMMAT MAU TGB Ini Dari seluruh pelosok Berteriak dan Meminta dan Kiranya engkau wahai TGB Menjadi pemimpin Sebab kami Engkau pemimpin Kerna kami lihat engkau imam,0.937083899974823,2,[0.0847 0.0202 0.5434 0.046  0.3057],2,[0.2749 0.2593 0.3249 0.0153 0.1256],"{'dari': 'dari', 'ummat': 'ummat', 'berteriak': 'berteriak', 'ini': 'ini', 'engkau': 'engkau', 'sebab': 'sebab', 'kiranya': 'kiranya', 'mau': 'mau', 'menjadi': 'menjadi', 'tgb': 'tgb', 'lihat': 'lihat'}",2,2,0.6968,,,,,,,,,
0,muka minder... sabar nggih semeton... saya juga ingin punya istri koq,muka minder... sabar nggih semeton... saya juga ingin punya istri koq,1.0,4,[0.1212 0.0509 0.0102 0.0511 0.7665],4,[0.1212 0.0509 0.0102 0.0511 0.7665],,4,4,0.21,,,,,,,,,
0,"Helloo, Liburan Kapan Liburan...Kerja teyuss, Lebaran pun ON teyuss Liburan Sekolah udah mau Selesai elisoulea . #kapanliburanlagi #kerjateruss",Liburan Kapan Lebaran pun ON teyuss Liburan Sekolah udah mau Selesai elisoulea,0.9421173930168152,0,[0.9632 0.0176 0.0025 0.0048 0.0119],4,[0.1785 0.0086 0.0131 0.0074 0.7923],{'selesai': 'selesai'},4,0,0.7065,,,,,,,,,
4,"Lg ngebayangin, entar wisuda punya calon/pacar datang kasih kado sambil ada caption ""calon wife selamat lulus,"" sambil senyum bahagia. YAAMPUN SEMOGA JADI KENYATAAN",Lg entar wisuda punya datang kasih kado sambil ada caption wife selamat sambil senyum YAAMPUN SEMOGA JADI KENYATAAN,0.949324071407318,4,[0.0164 0.001  0.0316 0.0248 0.9263],4,[3.700e-03 6.000e-04 2.900e-03 1.000e-03 9.918e-01],"{'senyum': 'senyum', 'selamat': 'selamat', 'wife': 'wife', 'semoga': 'Semoga', 'kenyataan': 'kenyataan', 'jadi': 'jadi', 'yaampun': 'yaampun'}",4,4,0.7053,,,,,,,,,
3,"Serem jg ya yg staf nya wanna1 nge dm in fansite karena copyright infringement, yg actually bener sih.... tp langsung mematikan fansite culture",Serem jg ya yg staf miliknya wanna1 nge dm in fansite karena copyright yg actually betul tp langsung matikan fansite culture,0.9497582912445068,3,[0.0026 0.0031 0.001  0.992  0.0013],3,[0.0053 0.0078 0.0016 0.9842 0.0011],"{'fansite': 'fansite', 'ya': 'ya', 'nya': 'miliknya', 'jg': 'jg', 'langsung': 'langsung', 'mematikan': 'matikan', 'bener': 'betul', 'copyright': 'copyright', 'actually': 'actually', 'tp': 'tp'}",3,3,0.7393,,,,,,,,,
4,Senyum itu bisa menyenangkan hati lho... Makanya kudu senyum meski lokasi potonya ngampung di hotel Dafam Lotus Jember..,Senyum itu bisa menyenangkan hati Makanya kudu senyum meski lokasi gambar ngampung di hotel Dafam Lotus,0.9684839248657228,4,[3.10e-03 9.00e-04 8.40e-03 7.00e-04 9.87e-01],4,[0.041  0.0026 0.0105 0.0025 0.9433],"{'potonya': 'gambar', 'lotus': 'teratai', 'senyum': 'senyum', 'lokasi': 'lokasi', 'menyenangkan': 'menyenangkan', 'hati': 'hati'}",4,4,0.6552,,,,,,,,,
0,[USERNAME] [USERNAME] Iya mereka harus saling menguatkan sih. Yang penting Mino harus cerita aja ke member yang lain biar ngga beban sendiri :'''''''''),[USERNAME] [USERNAME] Iya mereka harus saling menguatkan sih. Yang penting Mino harus cerita aja ke member yang lain biar ngga beban sendiri :'''''''''),1.0,4,[1.540e-02 7.000e-04 3.360e-02 2.300e-03 9.481e-01],4,[1.540e-02 7.000e-04 3.360e-02 2.300e-03 9.481e-01],,2,2,0.22,,,,,,,,,
0,"Hm, agak gimana gitu ya liat orang2 yg against Via Vallen. Karena dimana2 pelecehan ya pelecehan, mau verbal atau fisik. Jadi inget pernah digituin juga... Hmm",agak gimana gitu ya liat orang2 yg against Via Karena dimana2 pelecehan ya mau verbal atau Jadi inget pernah digituin Hmm,0.9712618589401244,0,[0.8422 0.0042 0.0024 0.1473 0.0039],3,[0.1015 0.0152 0.0037 0.8772 0.0024],"{'inget': 'inget', 'hmm': 'hmm', 'jadi': 'jadi'}",3,3,0.7482,,,,,,,,,
0,"Kita ngga bisa mengatur otak orang, menjaga hati orang. Disaat ada yg berniat menghasut orang utk membenci kita, dan berhasil. Ya sudah. Terima aja kl yg terhasut ngga layak utk lbh lama jd teman","Kita ngga bisa mengatur otak orang, menjaga hati orang. Disaat ada yg berniat menghasut orang utk membenci kita, dan berhasil. Ya sudah. Terima aja kl yg terhasut ngga layak utk lbh lama jd teman",1.0,1,[0.4819 0.5052 0.0018 0.0099 0.0013],1,[0.4819 0.5052 0.0018 0.0099 0.0013],,0,0,0.23,,,,,,,,,
3,"Pernah saya tanya, kok sore sudah pulang? ""Males mas, takut kemaleman. Kadang suka ada beruang lewat sama hewan buas lainnya."" Nah loh. Mampus dah aing. Tiap siang langsung saya cabut balik ke Jambi. Itu belum gangguan sosok mistis klo kemaleman di jalan",Pernah saya kok sore sudah takut Kadang suka ada beruang lewat sama hewan buas Nah Mampus dah Tiap siang langsung saya cabut balik ke Itu belum gangguan sosok mistis klo kemaleman di jalan,0.9340507984161376,3,[3.500e-03 2.800e-03 1.900e-03 9.909e-01 9.000e-04],3,[0.0029 0.0017 0.0017 0.9923 0.0014],"{'takut': 'takut', 'dah': 'dah', 'nah': 'nah', 'siang': 'siang', 'kadang': 'kadang', 'buas': 'buas', 'kemaleman': 'kemaleman', 'sore': 'sore', 'jalan': 'jalan', 'langsung': 'langsung', 'pernah': 'pernah', 'hewan': 'hewan', 'gangguan': 'gangguan'}",3,3,0.772,,,,,,,,,
0,"Namun pada hari ketiga, ternyata kami kalah. Dua buah soal rebutan yang seharusnya bisa kami jawab berhasil direbut tim lawan. Kami telat memencet bel. Kami kehilangan fokus. Dua puluh poin melayang ke tim lawan. Hal itu cukup menghukum kami untuk gagal melaju ke babak final.",Namun pada hari ternyata kami Dua buah soal rebutan yang seharusnya bisa kami jawab berhasil direbut tim Kami lalu memencet Kami kehilangan Dua puluh mata melayang ke tim Hal itu cukup menghukum kami untuk gagal melaju ke babak,0.9551456570625304,0,[0.8966 0.0577 0.0036 0.0163 0.0259],0,[0.6038 0.3233 0.0075 0.0137 0.0518],"{'rebutan': 'rebutan', 'kehilangan': 'kehilangan', 'direbut': 'direbut', 'berhasil': 'berhasil', 'poin': 'mata', 'hal': 'hal', 'buah': 'buah', 'gagal': 'gagal', 'telat': 'lalu', 'memencet': 'memencet', 'dua': 'dua', 'tim': 'tim', 'kami': 'kami'}",0,0,0.721,,,,,,,,,
4,"Alhamdulillah 'ala kulli haal, Jazakumullah ntk Pak Arief dan Pak Basyit atas bimbingan, arahan, coretan, revisi, omelan dsb selama 1 semester ini. Sehat selalu ya, pak. Tetaplah menginspirasi. #latepost",Alhamdulillah kulli Jazakumullah ntk Pak Arief dan Pak Basyit atas omelan dsb selama 1 semester Sehat selalu Tetaplah,0.9177732467651368,4,[3.20e-03 7.00e-04 1.60e-03 1.60e-03 9.93e-01],4,[0.0505 0.0177 0.0104 0.045  0.8765],"{'alhamdulillah': 'Alhamdulillah', 'kulli': 'kulli', 'omelan': 'omelan', 'basyit': 'basyit', 'tetaplah': 'tetaplah', 'ntk': 'ntk', 'jazakumullah': 'jazakumullah', 'arief': 'arief'}",4,4,1.9892,,,,,,,,,
2,"Dari kejauhan, aku selalu melihatmu. Bahagialah, sayang. Aku mencintaimu. Selalu.",Dari saya selalu Aku,0.8182331323623657,2,[8.000e-04 9.000e-04 9.951e-01 1.300e-03 1.900e-03],2,[0.0512 0.005  0.7729 0.0051 0.1658],{'aku': 'saya'},2,2,0.6171,,,,,,,,,
0,"Manggilnya udah sayang-sayangan, kalau chat udah kangen-kangenan, ternyata cuma jadi temen pas dia lagi kesepian",Manggilnya udah kalau chat udah ternyata cuma jadi temen pas dia lagi kesepian,0.9764335751533508,0,[0.8359 0.0143 0.1422 0.0048 0.0028],0,[0.9239 0.0571 0.0107 0.0051 0.0033],"{'kesepian': 'kesepian', 'manggilnya': 'manggilnya', 'udah': 'udah'}",0,2,1.1577,,,,,,,,,
1,Pindah gedung bukanya pelayanan makin baik malah makin makin. Dikira waktuku cuma buat antri disini yah. Dikira ga ada kerjaan lain yah. Buset buset,Pindah gedung bukanya pelayanan makin baik malah makin Dikira waktuku cuma buat antri disini Dikira ga ada kerjaan lain Buset buset,0.9666229486465454,1,[5.600e-03 9.913e-01 1.200e-03 1.100e-03 9.000e-04],1,[6.800e-03 9.903e-01 1.000e-03 1.100e-03 8.000e-04],"{'buset': 'buset', 'bukanya': 'bukanya', 'pelayanan': 'pelayanan', 'dikira': 'dikira', 'antri': 'antri', 'ga': 'ga'}",1,1,0.7347,,,,,,,,,
3,"Iya mbak, berkokoknya ga lama ga da semenit. Yg serem sik klo ada anjing yg bunyinya ngelonglong, klo itu baru setan lewat yak",Iya berkokoknya ga lama ga da Yg serem rindu klo ada anjing yg bunyinya klo itu baru setan lewat baik,0.950719714164734,3,[0.0024 0.0016 0.0026 0.9911 0.0023],3,[0.0036 0.003  0.0027 0.9843 0.0064],"{'serem': 'serem', 'yak': 'baik', 'anjing': 'anjing', 'sik': 'rindu', 'klo': 'klo', 'yg': 'yg', 'setan': 'setan', 'berkokoknya': 'berkokoknya'}",3,3,0.7119,,,,,,,,,
3,Semoga semua anak di thailand itu bisa selamat yahhh Ini kalo dibuat dokumenter asliii bikin merinding Baca thread2 orang aja merinding2 akuny,Semoga semua anak di thailand itu bisa selamat yahhh Ini kalo dibuat dokumenter asliii bikin menggigil Baca thread2 orang aja merinding2 akuny,0.9940352439880372,3,[0.0057 0.0027 0.0021 0.986  0.0035],3,[0.0091 0.0033 0.0024 0.9815 0.0038],"{'akuny': 'akuny', 'aja': 'aja', 'merinding': 'menggigil', 'baca': 'baca', 'ini': 'ini', 'dokumenter': 'dokumenter', 'thailand': 'thailand', 'orang': 'orang'}",3,3,0.6411,,,,,,,,,
4,"Terima kasih udah bekerja keras kasih kita (army) musik yang berkualitas, musik yang keren, musik yang inspiratif, musik yang menyembuhkan. Sehat selalu",Terima cinta udah bekerja keras cinta kita musik yang musik yang musik yang musik yang Sehat selalu,0.9281083941459656,4,[1.800e-03 8.000e-04 2.100e-03 8.000e-04 9.945e-01],2,[0.0043 0.0028 0.6834 0.0023 0.3073],"{'kasih': 'cinta', 'udah': 'udah', 'sehat': 'sihat', 'keras': 'keras', 'musik': 'musik'}",4,4,0.7385,,,,,,,,,
3,"Gue melipir ke deket2 taxi kan, takut dipaksa atau dijahatin gitu. Gue liatin aja tu bapak Brunei, eh ga balik2 dia, si bapak Indo juga ngilang aja. Gue cerita ke Nyokap, jangan2 gue mau dihipnotis. Kalo menurut kalian ini tu beneran orang bingung atau orang jahat?",Gue melipir ke deket2 taxi takut dipaksa atau dijahatin Gue liatin aja itu bapak eh ga balik2 si bapak Indo juga ngilang Gue cerita ke jangan2 saya mau Kalo menurut kalian ini itu beneran orang salah atau orang,0.9287722110748292,3,[0.0022 0.0034 0.0017 0.9898 0.0028],3,[0.0022 0.0075 0.0024 0.9841 0.0039],"{'si': 'si', 'eh': 'eh', 'dijahatin': 'dijahatin', 'melipir': 'melipir', 'bingung': 'salah', 'liatin': 'liatin', 'orang': 'orang', 'gue': 'saya', 'dipaksa': 'dipaksa', 'cerita': 'cerita', 'tu': 'itu'}",3,3,0.8246,,,,,,,,,
4,"Jam 21:59 WIB berangkat. Ati-atiii yaaa bapak sayang... Teteh Hanna sayang... Pokoknya kirim kabar terus lewat WA yah! Kirim foto-foto. Bapaaakk, jagain teteh Hanna loh! Lancar selamat sehat sampai balik pulang ke rumah dst ya. Have fuuunn...!!","Jam 21:59 WIB berangkat. Ati-atiii yaaa bapak sayang... Teteh Hanna sayang... Pokoknya kirim kabar terus lewat WA yah! Kirim foto-foto. Bapaaakk, jagain teteh Hanna loh! Lancar selamat sehat sampai balik pulang ke rumah dst ya. Have fuuunn...!!",1.0,2,[0.004  0.0052 0.9142 0.0079 0.0686],2,[0.004  0.0052 0.9142 0.0079 0.0686],,2,2,0.21,,,,,,,,,
0,"Sebetulnya gak ada maksud jelek, cuma kagum dengan pencapaian putrinya teman, yang disekolahin Desain Komunikasi Visual, secara Jaman Now orang pada ribut soal sekolah Negeri dan Zonasi... apa daya dianggap belum bisa Move On oleh semua kawan lama... Jadi terpaksa UnFol ybs...",Sebetulnya gak ada maksud cuma kagum dengan pencapaian putrinya yang disekolahin Desain Komunikasi secara Jaman Now orang pada ribut soal sekolah Negeri dan apa daya dianggap belum bisa Move On oleh semua kawan Jadi terpaksa UnFol,0.9705260992050172,0,[0.9603 0.0024 0.002  0.0129 0.0223],0,[0.9754 0.0017 0.0026 0.008  0.0123],"{'unfol': 'ikut', 'putrinya': 'putrinya', 'move': 'move', 'disekolahin': 'disekolahin', 'jadi': 'jadi', 'desain': 'desain', 'negeri': 'negeri', 'terpaksa': 'terpaksa', 'pencapaian': 'pencapaian', 'ribut': 'ribut', 'kawan': 'kawan', 'on': 'on', 'maksud': 'maksud'}",0,0,0.7965,,,,,,,,,
4,"Soalnya td limit time bang, time bidding utk Nainggolan tinggal 17mnts. Jd mau ga mau harus kritis jg. Untungnya td bang rio dan azmi cekatan jg bales mensyennya. Hehehe Makasih bang",Soalnya td limit time time sasaran utk Nainggolan tinggal Jd mau ga mau harus kritis Untungnya td bang rio dan azmi cekatan jg bales Hehehe Makasih bang,0.9518666863441468,4,[0.0226 0.0012 0.0011 0.0115 0.9636],4,[0.1209 0.0045 0.0043 0.0598 0.8105],"{'hehehe': 'hehehe', 'cekatan': 'cekatan', 'makasih': 'makasih', 'bang': 'bang', 'bales': 'bales', 'azmi': 'azmi', 'jg': 'jg', 'rio': 'rio', 'td': 'td', 'time': 'time', 'bidding': 'sasaran'}",4,4,0.776,,,,,,,,,
0,ada saatnya sakit hati itu kita nikmatin dengan cara kita. menangis salah satunya. gembira pun bisa jadi alternatif lain. yang terpenting semua itu bisa kita lewatin walaupun gagal.,ada saatnya sakit hati itu kita nikmatin dengan cara kita. menangis salah satunya. gembira pun bisa jadi alternatif lain. yang terpenting semua itu bisa kita lewatin walaupun gagal.,1.0,4,[0.0749 0.0027 0.0097 0.0105 0.9021],4,[0.0749 0.0027 0.0097 0.0105 0.9021],,4,4,0.21,,,,,,,,,
0,"Mata kiri nih selalu kena masalah, entah itu bintitan atau sakit dari benjol di ujung pelipis mata yang emang udah ada dari kecil (kalau benjol kanan kiri ada sih) Tapi rasanya tuh....agak menyiksa ketika dibutuhkan buat kerja rodi",Mata terbengkalai nih selalu kena entah itu bintitan atau sakit dari benjol di ujung pelipis mata yang emang udah ada dari kecil benjol kanan terbengkalai ada Tapi rasanya menyiksa ketika dibutuhkan buat kerja rodi,0.9757475852966307,0,[0.9553 0.0019 0.0038 0.0343 0.0047],0,[0.9695 0.0043 0.0025 0.0192 0.0044],"{'rodi': 'rodi', 'emang': 'emang', 'kiri': 'terbengkalai', 'mata': 'mata', 'menyiksa': 'menyiksa', 'tapi': 'tetapi', 'dibutuhkan': 'dibutuhkan', 'sakit': 'sakit', 'ujung': 'ujung', 'udah': 'udah', 'pelipis': 'pelipis', 'benjol': 'benjol'}",0,0,0.657,,,,,,,,,
4,Terima kasih kepada Undiknas Bali yang mempercayakan perjalanan company visit Singapore - Malaysia kepada Kusuma Holiday Tour,Terima kasih kepada Undiknas Bali yang mempercayakan perjalanan company visit Singapore Malaysia kepada Kusuma Holiday Tour,1.0000001192092896,4,[0.0148 0.006  0.0055 0.0032 0.9706],4,[0.0124 0.0052 0.0052 0.0028 0.9744],"{'tour': 'tour', 'undiknas': 'undiknas', 'perjalanan': 'perjalanan', 'malaysia': 'malaysia', 'visit': 'visit', 'kusuma': 'kusuma', 'holiday': 'holiday'}",4,4,1.5637,,,,,,,,,
4,Titip salam buat masbro [USERNAME] kl shooting bawa bambu ya buat ganjel biar gk ngejoprak [USERNAME] #IniSahurTIKETCOMHariKe20,Titip salam buat masbro kl shooting bawa bambu ya buat ganjel biar gk ngejoprak,0.890445351600647,4,[0.0228 0.0027 0.0019 0.0037 0.9689],4,[0.0911 0.0371 0.0047 0.2692 0.598 ],"{'ya': 'ya', 'bambu': 'bambu', 'kl': 'kl', 'masbro': 'masbro', 'titip': 'titip', 'biar': 'biar', 'ganjel': 'ganjel'}",4,4,0.6521,,,,,,,,,
4,"Ketemu temen yang se manhaj dalam sastra dan bacaan itu rasanya kyk nemu harta karun.. Ngomongin karakter, plot dari rupa"" pengarang, ngalor ngidul tanpa henti.. Tapi suka..",Ketemu temen yang se manhaj dalam sastra dan bacaan itu rasanya kyk nemu harta Ngomongin plot dari ngalor ngidul tanpa Tapi,0.9621236324310304,4,[0.0115 0.0017 0.0522 0.0018 0.9328],4,[0.0692 0.0048 0.0641 0.0047 0.8572],"{'nemu': 'nemu', 'ketemu': 'ketemu', 'bacaan': 'bacaan', 'temen': 'temen', 'tapi': 'tetapi', 'harta': 'harta', 'manhaj': 'manhaj'}",4,4,0.7158,,,,,,,,,
1,"Lanjut...@bankmandiri saya sudah berkali kali hubungi kantor cabang Sabang tapi mereka tidak memberi solusi..ini sudah tanggal 05 Juni 2018..tolonglah kami nasabah diberi solusi kami harus bagaimana,jangan kalau ditelp lempar sana lempar sini loh ya..tapi ga ada solusi",saya sudah berkali masa hubungi kantor cabang Sabang tapi mereka tidak memberi sudah Tarikh 05 Juni kami nasabah diberi solusi kami harus kalau ditelp lempar sana lempar sini lol ga ada solusi,0.93842875957489,1,[0.0051 0.9913 0.0014 0.0011 0.0012],1,[0.0367 0.9546 0.0023 0.0036 0.0028],"{'solusi': 'solusi', 'loh': 'lol', 'nasabah': 'nasabah', 'ga': 'ga', 'juni': 'juni', 'berkali': 'berkali', 'kali': 'masa', 'lempar': 'lempar', 'tanggal': 'Tarikh'}",1,1,0.7492,,,,,,,,,
2,Timang timang anakku sayang..... Buah hatiku sepajang jalan... Siang malan ku selalu berdoa Semoga kelak kau bahagia selalu #HariAnakNasional [URL],Timang timang anakku Buah hatiku sepajang Siang malan ku selalu berdoa Semoga kelak kau gembira selalu,0.8908039927482605,2,[2.100e-03 5.000e-04 9.464e-01 2.100e-03 4.880e-02],2,[8.800e-03 8.000e-04 9.132e-01 4.500e-03 7.270e-02],"{'kau': 'kau', 'hatiku': 'hatiku', 'kelak': 'kelak', 'sepajang': 'sepajang', 'ku': 'ku', 'bahagia': 'gembira', 'malan': 'malan', 'berdoa': 'berdoa'}",2,2,0.6929,,,,,,,,,
3,"Mendengar ada suara aneh disekitarnya. Jek merinding. ""tadi ada yg ngomong tidak yaa??"" ",Mendengar ada suara aneh Jek ada yg ngomong tidak,0.9484715461730956,3,[0.0373 0.0218 0.0221 0.8857 0.033 ],3,[0.0573 0.0381 0.0099 0.8751 0.0196],"{'mendengar': 'mendengar', 'yg': 'yg', 'aneh': 'aneh'}",3,3,0.7248,,,,,,,,,
1,"efek pemilu itu toksik, sekalipun yg toksik itu berhasil merubah diri jadi lebih religius (tobat).tp ya ga terus seenaknya paranoid, penuh kebencian juga si.","efek pemilu itu toksik, sekalipun yg toksik itu berhasil merubah diri jadi lebih religius (tobat).tp ya ga terus seenaknya paranoid, penuh kebencian juga si.",1.0,3,[0.0258 0.0148 0.0015 0.9563 0.0016],3,[0.0258 0.0148 0.0015 0.9563 0.0016],,3,3,0.2,,,,,,,,,
4,"banyak banget yang nanya pas tau di hape ada apps twitter 'emang masih jaman ya main twitter?' 'yaelah hari gini main twitter ngapain?' 'ngapain main twitter coba', hehe, cuman bs gt sih, ya senyum aja kalo balik lagi main twitter :)",banyak banget yang nanya pas tahu di hape ada permohonan twitter masih jaman ya main hari gini main twitter main twitter cuman bs gt ya senyum aja kalo balik lagi main twitter,0.9568642377853394,4,[0.0137 0.0014 0.0015 0.0025 0.981 ],4,[0.1907 0.0272 0.0032 0.0167 0.7621],"{'apps': 'permohonan', 'hape': 'hape', 'twitter': 'twitter', 'tau': 'tahu', 'gt': 'gt', 'gini': 'gini', 'ya': 'ya', 'main': 'main', 'bs': 'bs'}",4,4,0.7449,,,,,,,,,
4,"Kemarin buku #TSYGMC ini sempat di-twit oleh Mas Agus Noor untuk tagar #bacabuku-nya. Seneng gitu liatnya, biarpun gue anak murtad dah sejuta tahun lamanya ga nulis fiksi  #WorkshopCerpenKompas2014 [URL]",Kemarin buku ini sempat oleh Mas Agus Noor untuk tagar Seneng gitu biarpun gue anak murtad dah sejuta tahun lamanya ga nulis fiksi,0.93308287858963,4,[3.600e-03 5.000e-04 1.700e-03 1.000e-03 9.932e-01],4,[0.0566 0.0018 0.0036 0.0063 0.9317],"{'fiksi': 'fiksi', 'seneng': 'seneng', 'tagar': 'tagar', 'buku': 'buku', 'noor': 'noor', 'nulis': 'nulis', 'agus': 'agus', 'mas': 'mas', 'ga': 'ga', 'kemarin': 'semalaman'}",4,4,0.7366,,,,,,,,,
2,Sehebat-hebatnya pertengkaran adalah pertengkaran yg akhirnya baikan lagi.sama-sama sayang dan saling gamau kehilangan. #sahabat [URL],pertengkaran adalah pertengkaran yg akhirnya baikan sayang dan saling gamau,0.8785414695739746,2,[4.90e-03 7.00e-04 9.61e-01 1.10e-03 3.23e-02],2,[0.305  0.0142 0.6666 0.0061 0.0082],"{'baikan': 'baikan', 'pertengkaran': 'pertengkaran'}",2,2,0.7383,,,,,,,,,
3,"saya dok, enggan menikah karena lebih mengutamakan karir dan pendidikan, terlalu takut dengan namanya rumah tangga takut broken lagi",saya enggan menikah karena lebih mengutamakan karir dan terlalu takut dengan namanya rumah tangga takut broken lagi,0.9849470853805542,3,[5.600e-03 9.000e-04 1.800e-03 9.899e-01 1.900e-03],3,[0.0042 0.0011 0.0019 0.9905 0.0022],"{'takut': 'takut', 'tangga': 'tangga', 'karir': 'karir', 'namanya': 'namanya', 'mengutamakan': 'mengutamakan'}",3,3,0.727,,,,,,,,,
4,"Morningside - Fazerdaze (2017) Lagu2nya begitu enaq didengerin pas halodo alias summer jam 10 pagi sambil sepedaan. Enak didengerin pas mood lagi bagus2nya + bikin semangats. W suka Lucky Girl, Little Uneasy, Misread, Jennifer sm Bedroom Talks [URL]",Morningside Fazerdaze Lagu2nya begitu enaq didengerin pas halodo alias summer jam 10 pagi sambil Enak didengerin pas mood lagi bagus2nya bikin W suka Lucky Little Jennifer sm Bedroom Talks,0.8845065236091614,4,[1.100e-03 5.000e-04 2.710e-02 9.000e-04 9.704e-01],4,[0.0035 0.0014 0.0758 0.0016 0.9176],"{'talks': 'ceramah', 'enak': 'baik', 'jennifer': 'jennifer', 'w': 'w', 'alias': 'alias', 'lucky': 'bertuah', 'enaq': 'enaq', 'sm': 'sm', 'mood': 'mood', 'pas': 'pas', 'jam': 'jam', 'pagi': 'pagi', 'bedroom': 'bedroom'}",4,4,1.7721,,,,,,,,,
1,"Temen pernah beli hp online dr Batam. Stlh di trf terus dihubungi pihak bea cukai bhw hpnya gabisa keluar krn dibilang BM. Katanya, kalo ga bayar smpe jam 5 sore bakal dipolisikan, eh beneran di trf sama temen. Ternyata sama, modus penipuan. Krn barangnya ga sampe. [URL]",Temen pernah beli hp online dr Stlh di trf terus dihubungi pihak bea cukai bhw hpnya gabisa keluar krn katakan kalo ga bayar smpe jam 5 sore bakal eh serius di trf sama Ternyata mod Krn barangnya ga,0.9402222633361816,1,[6.450e-02 9.123e-01 8.000e-04 1.850e-02 3.800e-03],3,[0.2563 0.2127 0.0015 0.5217 0.0077],"{'dibilang': 'katakan', 'modus': 'mod', 'bayar': 'bayar', 'beneran': 'serius', 'bhw': 'bhw', 'stlh': 'stlh', 'sore': 'sore', 'jam': 'jam', 'hpnya': 'hpnya', 'dihubungi': 'dihubungi', 'dr': 'dr', 'eh': 'eh', 'smpe': 'smpe', 'trf': 'trf', 'gabisa': 'gabisa', 'kalo': 'kalo', 'ga': 'ga', 'hp': 'hp'}",3,0,0.8109,,,,,,,,,
4,"Membaca informasi tentang bantuan warga sekitar kepada rescue team utk misi penyelamatan anak2 yg terjebak di gua di Chiang Rai, Thailand.. bikin terharu. Mereka menawarkan bantuan tanpa diminta. Masih banyak orang baik di dunia ini :')",Membaca informasi tentang bantuan warga sekitar kepada rescue team untuk misi jimat anak2 yg terjebak di gua di Chiang bikin Mereka menawarkan bantuan tanpa Masih banyak orang baik di dunia ini,0.9594849944114684,4,[0.0264 0.001  0.018  0.0036 0.9511],0,[0.4365 0.008  0.122  0.0968 0.3367],"{'utk': 'untuk', 'bantuan': 'bantuan', 'menawarkan': 'menawarkan', 'mereka': 'mereka', 'misi': 'misi', 'bikin': 'bikin', 'informasi': 'informasi', 'penyelamatan': 'jimat'}",4,4,0.8255,,,,,,,,,
1,Ini yang namanya ide kebeRPihakan ala [USERNAME] [USERNAME] melalui program unggulan OKeh ngOCE melibatkan banyak warga untuk mengisi Tong Sampah biar Sampah Jakarta berasa Sampah Jerman #KarenaSampahJakartaBedaSampahJerman,Ini yang namanya ide kebeRPihakan ala [USERNAME] [USERNAME] melalui program unggulan OKeh ngOCE melibatkan banyak warga untuk mengisi Tong Sampah biar Sampah Jakarta berasa Sampah Jerman #KarenaSampahJakartaBedaSampahJerman,1.0,4,[0.2185 0.0347 0.021  0.0039 0.7219],4,[0.2185 0.0347 0.021  0.0039 0.7219],,4,4,0.19,,,,,,,,,
4,hore hihi moment sekali ye capai sih tapi menyenangkan,hore hihi moment sekali ye capai neraka tapi menyenangkan,0.9344193935394288,4,[0.0087 0.0017 0.0021 0.0033 0.9842],4,[0.005  0.0016 0.0019 0.0036 0.9879],"{'menyenangkan': 'menyenangkan', 'hore': 'hore', 'hihi': 'hihi', 'sih': 'neraka'}",4,4,0.7477,,,,,,,,,
3,"[USERNAME] [USERNAME] Terkadang, aku ingin menjemput waktu-waktu yang sudah begitu jauh tertinggal. Kembali memelukmu seperti saat kita terlalu takut pada perpisahan.","[USERNAME] [USERNAME] Terkadang, aku ingin menjemput waktu-waktu yang sudah begitu jauh tertinggal. Kembali memelukmu seperti saat kita terlalu takut pada perpisahan.",1.0,2,[0.242  0.0037 0.6807 0.0678 0.0058],2,[0.242  0.0037 0.6807 0.0678 0.0058],,2,2,0.2,,,,,,,,,
4,ataauuu aku yg ga pernah keluar rumah menjelang lebaran sehingga aku ngga tau kebiasaan orang-orang menjelang lebaran ngapain aja? duh pencerahan sekali mention itu tadi.,ataauuu aku yg ga pernah keluar rumah menjelang lebaran sehingga aku ngga tau kebiasaan orang-orang menjelang lebaran ngapain aja? duh pencerahan sekali mention itu tadi.,1.0,0,[0.9438 0.0011 0.0028 0.0401 0.0122],0,[0.9438 0.0011 0.0028 0.0401 0.0122],,0,0,0.22,,,,,,,,,
0,"Saat ini kami segenap pegawai di lingkungan Kementerian Perhubungan sedang berduka atas musibah yang menimpa rumah kami. Proses pemadaman api sudah berhasil dilakukan, walaupun ada rekan kami menjadi korban.",Saat ini kami segenap pegawai di lingkungan Kementerian Perhubungan sedang berduka atas musibah yang menimpa rumah Proses pemadaman api sudah berhasil walaupun ada rekan kami menjadi,0.9818928241729736,0,[0.9718 0.0032 0.004  0.0133 0.0077],0,[0.9576 0.0119 0.003  0.0188 0.0086],"{'berduka': 'berduka', 'menimpa': 'menimpa', 'kementerian': 'kementerian', 'segenap': 'segenap', 'musibah': 'musibah', 'pegawai': 'pegawai', 'pemadaman': 'pemadaman', 'rekan': 'rekan', 'rumah': 'rumah'}",0,0,0.7742,,,,,,,,,
4,Dikampung mana ngerti go-pay teh.. Udahlah beli amplop lebaran lucu-lucu isiin duit baru udah paling bener..,Dikampung mana faham Udahlah beli amplop lebaran isiin duit baru udah paling,0.9641358852386476,4,[0.2513 0.0611 0.0116 0.0047 0.6713],0,[0.7566 0.0444 0.0108 0.009  0.1792],"{'dikampung': 'dikampung', 'ngerti': 'faham'}",4,4,0.6429,,,,,,,,,
4,"film yang bikin tante-tante dan mbak2 macem gua gini blushing di bioskop. iqbaal jadi dilan tepat bgt sih, walopun milea-nya b ajah [URL]",film yang bikin dan mbak2 pelbagai saya gini blushing di iqbaal jadi dilan tepat bgt walopun b ajah,0.9345730543136596,4,[3.600e-03 3.000e-04 1.310e-02 1.100e-03 9.818e-01],4,[0.044  0.0023 0.0293 0.0041 0.9203],"{'dilan': 'dilan', 'gua': 'saya', 'gini': 'gini', 'b': 'b', 'blushing': 'blushing', 'macem': 'pelbagai'}",4,4,0.7317,,,,,,,,,
0,"[USERNAME] Membayangkan dirimu bercengkerama dengan wanita-wanita cantik barusan lumayan memantik api kecemburuannya lagi, sampai tanpa disadari ia mengerucutkan bibir dan mengerutkan kening. Maka dari itu ia tak menolak usapanmu di pipinya dan melirikm","[USERNAME] Membayangkan dirimu bercengkerama dengan wanita-wanita cantik barusan lumayan memantik api kecemburuannya lagi, sampai tanpa disadari ia mengerucutkan bibir dan mengerutkan kening. Maka dari itu ia tak menolak usapanmu di pipinya dan melirikm",1.0,2,[0.2512 0.0065 0.6095 0.0603 0.0725],2,[0.2512 0.0065 0.6095 0.0603 0.0725],,2,2,0.26,,,,,,,,,
0,"Dan gitarku yang dipinjam teman belum dikembalikan. Katanya, ""aku balikinnya pas kamu pulang, tapi kita harus bukber."" Ini orang mau balikin barang gue tapi malah ngajak bukber sekalian.","Dan gitarku yang dipinjam teman belum dikembalikan. Katanya, ""aku balikinnya pas kamu pulang, tapi kita harus bukber."" Ini orang mau balikin barang gue tapi malah ngajak bukber sekalian.",1.0,1,[0.0572 0.938  0.0012 0.0026 0.001 ],1,[0.0572 0.938  0.0012 0.0026 0.001 ],,0,0,0.19,,,,,,,,,
1,[USERNAME] Masih aj pejabat melakukan korupsi.. memberikan contoh yg buruk kepada masyarakat ..Ayo KPK... tunjukan taring mu.. Banyak daerah lain yg blom kau sentuh..,Masih aj pejabat melakukan memberikan contoh yg buruk kepada Lay tunjukan taring Banyak daerah lain yg blom kau,0.9264023303985596,1,[2.300e-03 9.954e-01 1.000e-03 5.000e-04 8.000e-04],1,[2.700e-03 9.959e-01 5.000e-04 6.000e-04 4.000e-04],"{'tunjukan': 'tunjukan', 'taring': 'taring', 'kau': 'kau', 'aj': 'aj', 'banyak': 'sesak', 'buruk': 'buruk', 'contoh': 'contoh', 'masyarakat': 'Lay'}",1,1,0.6505,,,,,,,,,
4,Selamat ulang tahun sayang [USERNAME] #HAPPY_BAEKHO_DAY,Selamat ulang tahun sayang,0.8486776351928711,4,[0.0046 0.0018 0.439  0.0021 0.5525],2,[0.017  0.0045 0.9441 0.0022 0.0322],{'sayang': 'sayang'},2,2,0.577,,,,,,,,,
0,"Well, jujur gw keluar air mata waktu denger kabar [USERNAME] ini bakal bubar. Banyak kesan yang bisa gw dapatkan disini. Bisa tertawa bareng bareng, diskusi bersama yah walaupun sebatas chat di group Line. Gak ada sepah sepuh fans disini, karna semua sama dan 1 Tujuan","Well, jujur gw keluar air mata waktu denger kabar [USERNAME] ini bakal bubar. Banyak kesan yang bisa gw dapatkan disini. Bisa tertawa bareng bareng, diskusi bersama yah walaupun sebatas chat di group Line. Gak ada sepah sepuh fans disini, karna semua sama dan 1 Tujuan",1.0,4,[0.1426 0.0038 0.0374 0.0051 0.8111],4,[0.1426 0.0038 0.0374 0.0051 0.8111],,4,4,0.22,,,,,,,,,
1,Kenapa Perhelatan Asian Games yg akan digelar Agustus 2018 nanti kurang menggema??.. karena Para Netizen sedang khusuk main Tagar POLITIK. #SukseskanAsianGames2018,Kenapa Perhelatan Asian Games yg akan digelar Agustus 2018 nanti kurang menggema??.. karena Para Netizen sedang khusuk main Tagar POLITIK. #SukseskanAsianGames2018,1.0,0,[0.8633 0.0852 0.0063 0.0167 0.0285],0,[0.8633 0.0852 0.0063 0.0167 0.0285],,0,0,0.2,,,,,,,,,
1,"[USERNAME] saya ajukan PayLater, namun ditolak dengan alasan yang krg rinci. Apa bisa dibantu alasan lebih pastinya? Saya rasa foto KTP dan info yg saya berikan sudah cukup jelas. Kriteria seperti apa yang diinginkan Traveloka? [URL]","[USERNAME] saya ajukan PayLater, namun ditolak dengan alasan yang krg rinci. Apa bisa dibantu alasan lebih pastinya? Saya rasa foto KTP dan info yg saya berikan sudah cukup jelas. Kriteria seperti apa yang diinginkan Traveloka? [URL]",1.0,0,[0.3781 0.3648 0.0044 0.2429 0.0097],0,[0.3781 0.3648 0.0044 0.2429 0.0097],,3,3,0.2,,,,,,,,,
1,[USERNAME] Ga usah ada liga...bagaimana persepak bolaan indonesia bisa maju kalo mau kaya gitu terus...mau perang mah di gaza sanah...mati lu masuk syurga...,Ga usah ada persepak bolaan Indonesia bisa maju kalo mau kaya gitu peperangan mah di gaza lu masuk,0.9523299932479858,1,[1.500e-03 9.965e-01 8.000e-04 5.000e-04 7.000e-04],1,[2.500e-03 9.957e-01 5.000e-04 5.000e-04 7.000e-04],"{'masuk': 'masuk', 'gitu': 'gitu', 'lu': 'lu', 'kalo': 'kalo', 'indonesia': 'Indonesia', 'perang': 'peperangan', 'persepak': 'persepak'}",1,1,0.7292,,,,,,,,,
2,"bukan teman dekat, apalagi sahabat akrab, mereka ini sudah aku anggap saudara perempuanku, kalian yg pertama kali aku lihat saat membuka mata *alay ya ce wkwk* , tempat aku berbagi duka","bukan teman dekat, apalagi sahabat akrab, mereka ini sudah aku anggap saudara perempuanku, kalian yg pertama kali aku lihat saat membuka mata *alay ya ce wkwk* , tempat aku berbagi duka",1.0,0,[0.5288 0.0043 0.4366 0.0076 0.0226],0,[0.5288 0.0043 0.4366 0.0076 0.0226],,2,2,0.17,,,,,,,,,
2,"tidak perlu ragu untuk bilang rindu atau kesal sampai keubun-ubun. tak perlu kode morse untuk bilang sesuatu. kalau mau, ya bicara saja. kalau tidak, mari kita berdebat sampai lupa waktu. sehabis itu, kita tersenyum lagi. jatuh cinta lagi.",tidak perlu ragu untuk katakan rindu atau kesal sampai tak perlu kode morse untuk katakan kalau ya bicara kalau mari kita berdebat sampai lupa sehabis kita tersenyum jatuh cinta,0.9361865520477296,2,[0.0038 0.0049 0.978  0.0023 0.0109],2,[0.0133 0.0036 0.9762 0.0016 0.0053],"{'tersenyum': 'tersenyum', 'mari': 'mari', 'jatuh': 'jatuh', 'ragu': 'ragu', 'ya': 'ya', 'bicara': 'bicara', 'kode': 'kode', 'sehabis': 'sehabis', 'bilang': 'katakan'}",2,2,0.4499,,,,,,,,,
4,Ketika ada kegiatan kantor di Pusat yang bertepatan pada rencana tgl pulang itu artinya adalah tiket pulang gratis :) [URL],Ketika ada aktiviti kantor di Pusat yang bertepatan pada rencana tgl pulang itu artinya adalah tiket pulang gratis,0.9522647857666016,4,[0.0315 0.0019 0.0243 0.0027 0.9396],4,[0.1443 0.0101 0.0349 0.0066 0.8042],"{'tiket': 'tiket', 'tgl': 'tgl', 'pulang': 'pulang', 'rencana': 'rencana', 'kegiatan': 'aktiviti'}",4,4,0.4879,,,,,,,,,
1,"Baguslah! Itu namanya sadar diri. Mana mungkin tersangka kasus cabul bisa jadi pemimpin umat?! Btw, kasus [USERNAME] gimana? Terus cerita ente ame nyang 'ntu gimane? [URL]",Itu namanya sadar Mana mungkin tersangka kasus cabul bisa jadi pemimpin kasus Terus cerita ente ame nyang,0.8896843791007996,1,[0.0262 0.9439 0.0016 0.026  0.0022],1,[3.600e-03 9.948e-01 3.000e-04 9.000e-04 5.000e-04],"{'nyang': 'nyang', 'ente': 'ente', 'pemimpin': 'pemimpin', 'mana': 'mana', 'itu': 'itu', 'terus': 'terus', 'ame': 'ame'}",1,1,0.6924,,,,,,,,,
4,Muter muter di rumah nini Ternyata orangnya lagi buat kari Asyik ketemu @8rianna_ jam segini Putri cantik yang sejak dulu ku cari,Muter bermain di rumah nini Ternyata orangnya lagi buat kari Asyik ketemu jam segini Putri cantik yang sejak dulu ku cari,0.9818047285079956,4,[1.040e-02 9.000e-04 5.050e-02 1.500e-03 9.367e-01],4,[0.01   0.0015 0.0498 0.0015 0.9372],"{'asyik': 'asyik', 'ternyata': 'ternyata', 'segini': 'segini', 'cantik': 'cantik', 'muter': 'bermain', 'jam': 'jam', 'cari': 'cari', 'nini': 'nini'}",4,4,0.6471,,,,,,,,,
2,"Mungkin dulu sewaktu kecil, mama lah yang lebih sering mengajakmu bercerita atau berdongeng. Tapi tahukah kamu, bahwa sepulang papa bekerja dan dengan wajah lelah papa selalu menanyakan pada mama tentang kabarmu dan apa yang kamu lakukan seharian.",Mungkin dulu sewaktu mama lah yang lebih sering mengajakmu bercerita atau Tapi tahukah bahwa sepulang papa bekerja dan dengan wajah penat papa selalu menanyakan pada mama tentang kabarmu dan apa yang kamu lakukan,0.989310383796692,2,[3.960e-02 9.000e-04 9.283e-01 2.700e-03 2.840e-02],0,[0.6592 0.0056 0.315  0.0064 0.0138],"{'sepulang': 'sepulang', 'mama': 'mama', 'bercerita': 'bercerita', 'tahukah': 'tahukah', 'mungkin': 'mungkin', 'wajah': 'wajah', 'tapi': 'tetapi', 'lelah': 'penat'}",2,2,0.8094,,,,,,,,,
0,"Makin modern gaya hidupmu, makin banyak kamu produksi sampah plastik. Believe it or not. [USERNAME] coba aja itu sehari klo kamu makan, berapa sedotan, gelas plastik, plastik makanan yang kamu buang ?? #HariLingkunganHidupSedunia","Makin modern gaya hidupmu, makin banyak kamu produksi sampah plastik. Believe it or not. [USERNAME] coba aja itu sehari klo kamu makan, berapa sedotan, gelas plastik, plastik makanan yang kamu buang ?? #HariLingkunganHidupSedunia",1.0,1,[0.2533 0.7382 0.0014 0.0032 0.0038],1,[0.2533 0.7382 0.0014 0.0032 0.0038],,0,0,0.25,,,,,,,,,
1,"Mau cerita Jadi td sebelum magrib sempet keluar rumah buat nganterin adek bukber, nah di jalan pulang ketemulah sama cewe cewe berkerudung tapi rambutnya keliatan dibelakangnya:) Mereka bonceng 3:) Dan jalannya ditengah:) Padahal jalanan rame:) Eh Disalip ketiganya ngomel :(","Mau cerita Jadi td sebelum magrib sempet keluar rumah buat nganterin adek bukber, nah di jalan pulang ketemulah sama cewe cewe berkerudung tapi rambutnya keliatan dibelakangnya:) Mereka bonceng 3:) Dan jalannya ditengah:) Padahal jalanan rame:) Eh Disalip ketiganya ngomel :(",1.0,4,[0.4088 0.0028 0.0104 0.1227 0.4553],4,[0.4088 0.0028 0.0104 0.1227 0.4553],,4,4,0.26,,,,,,,,,
3,"[USERNAME] ""Itu menurutmu, tapi menurutku ini menyeramkan, kamu kalo terjadi apa apa disini karna ulah monster itu"" Gerutunya dengan kesal Ariel tidak mau melihat ke sekitarnya, ia hanya nunduk melihat jalan bebatuan yang ada di depannya, dia takut un",tapi menurutku ini kamu kalo terjadi apa apa disini karna ulah monster Gerutunya dengan kesal Ariel tidak mau melihat ke ia hanya nunduk melihat jalan bebatuan yang ada di dia takut un,0.9635204076766968,3,[0.0063 0.0039 0.0046 0.9837 0.0015],3,[0.0069 0.0168 0.0042 0.9704 0.0017],"{'monster': 'monster', 'un': 'un', 'nunduk': 'nunduk', 'kalo': 'kalo', 'bebatuan': 'bebatuan', 'menurutku': 'menurutku', 'jalan': 'jalan'}",3,3,0.7451,,,,,,,,,
2,"terakhir, aku sayang koko! sayang koko kemaren. sayang koko hari ini. sayang koko 2 jam yg lalu. sayang koko besok. sayang koko besok lusa. sayang koko selamanya.",aku sayang sayang koko sayang koko hari sayang koko 2 jam yg sayang koko sayang koko besok sayang koko,0.9733774662017822,2,[3.000e-03 2.800e-03 9.911e-01 2.400e-03 7.000e-04],2,[0.0022 0.002  0.9926 0.0021 0.001 ],"{'sayang': 'sayang', 'koko': 'koko', 'jam': 'jam'}",2,2,0.661,,,,,,,,,
1,[SENSITIVE-NO] no saya yg ke 4 signal 4g full sudah dari kemarin malam problem lokasi di jalan raya legian no 88 sudah di ganti isp lain nya dan restart hp juga ga bisa buka apa apa tolong di bantu [USERNAME],no saya yg ke 4 signal 4g full sudah dari semalaman malam problem lokasi di jalan raya legian no 88 sudah di ganti isp lain nya dan restart hp juga ga bisa buka apa apa tolong di bantu,0.9837173223495485,1,[0.167  0.7874 0.0013 0.0349 0.0094],1,[0.3381 0.5471 0.0036 0.0803 0.0308],"{'yg': 'yg', 'restart': 'restart', 'tolong': 'tolong', 'jalan': 'jalan', 'signal': 'signal', 'malam': 'malam', 'buka': 'buka', 'ga': 'ga', 'problem': 'problem', 'full': 'full', 'kemarin': 'semalaman', 'isp': 'isp'}",1,1,0.8167,,,,,,,,,
3,"Ke dokter kandungan aja beb kalau takut kenapa"" sebelum terlambat aja soalnya tiap orang beda"" penyebab nya, ada yg karna hormon, ada yg lain. ",Ke dokter kandungan aja beb kalau takut sebelum terlambat aja soalnya tiap orang penyebab ada yg karna ada yg,0.9619110822677612,3,[0.0038 0.0023 0.0025 0.9899 0.0016],3,[0.0027 0.002  0.0022 0.991  0.0021],"{'takut': 'takut', 'yg': 'yg', 'ke': 'ke', 'dokter': 'dokter', 'kandungan': 'kandungan', 'aja': 'aja', 'terlambat': 'terlambat'}",3,3,0.7242,,,,,,,,,
2,"Ada rasa damai saat ku melihat matamu,Ada rasa nyaman saat kau berada disampingku Kau mewarnai hari2ku,membuatku kembali ceria Kini semua sirna,kau tinggalkn luka,Kau pergi membawa separuh jiwaku,Pantaskah kau tuk ku tangisi ? EeeAaa #EfekKebanyaknBacaNovel",Ada rasa damai saat ku melihat rasa nyaman saat kau berada disampingku Kau mewarnai kembali ceria Kini semua tinggalkn pergi membawa separuh kau tuk ku tangisi EeeAaa,0.973206639289856,2,[0.33   0.0037 0.6505 0.0059 0.0098],0,[0.8323 0.0046 0.1493 0.0074 0.0065],"{'tinggalkn': 'tinggalkn', 'ku': 'ku', 'membawa': 'membawa', 'tangisi': 'tangisi', 'kini': 'kini', 'tuk': 'tuk', 'separuh': 'separuh', 'kau': 'kau', 'ceria': 'ceria', 'eeeaaa': 'eeeaaa'}",2,2,2.0288,,,,,,,,,
3,Kok aku merinding sekaligus takut ya di... takut kejebak sama imajinasi sendiri bahwa diam-diam ternyata di hidupku ada kehadiran orang yg km jelaskan itu dan aku gak sadar???,Kok aku merinding sekaligus takut ya takut kejebak sama imajinasi sendiri bahwa ternyata di hidupku ada kehadiran orang yg km jelaskan itu dan aku tidak,0.9822583198547364,3,[0.0031 0.0015 0.0034 0.9895 0.0025],3,[0.0034 0.0013 0.0022 0.9911 0.0019],"{'gak': 'tidak', 'takut': 'takut', 'imajinasi': 'imajinasi', 'hidupku': 'hidupku', 'km': 'km', 'kehadiran': 'kehadiran', 'orang': 'orang'}",3,3,0.7316,,,,,,,,,
2,"KENAPA GUA CINTA BANGET SAMA BANG WAWAN SEBAGAI ABANG GUA, YA KARNA DIA SALAH GAULNYA RATA"", SAMA KAYA GUA :"") BANYAK KESAMAAN JUGA HEHE",KENAPA GUA CINTA BANGET SAMA BANG WAWAN SEBAGAI ABANG YA KARNA DIA SALAH GAULNYA SAMA KAYA GUA BANYAK KESAMAAN JUGA HEHE,0.9826479554176332,2,[9.000e-04 8.000e-04 9.957e-01 7.000e-04 2.000e-03],2,[8.000e-04 7.000e-04 9.949e-01 5.000e-04 3.000e-03],"{'hehe': 'hehe', 'banget': 'banget', 'sama': 'sama', 'kaya': 'kaya', 'banyak': 'sesak', 'ya': 'ya', 'kesamaan': 'persamaan', 'dia': 'dia', 'gua': 'saya', 'juga': 'juga'}",2,2,1.1747,,,,,,,,,
1,"Ada yang bilang kalau IG biasanya cuma ngupload yang baik aja. Yaaaah kali pas ngrampok bank live, selingkuh live, tewtew upload. Nanti kalau terkenal terus IG di Blockir MenHub",Ada yang katakan kalau IG biasanya cuma ngupload yang baik Yaaaah masa pas ngrampok bank selingkuh tewtew Nanti kalau terkenal terus IG di Blockir MenHub,0.8981460332870483,1,[0.2994 0.4852 0.0014 0.2049 0.0091],1,[5.570e-02 9.049e-01 8.000e-04 3.620e-02 2.300e-03],"{'selingkuh': 'selingkuh', 'menhub': 'menhub', 'bank': 'bank', 'kali': 'masa', 'tewtew': 'tewtew', 'bilang': 'katakan', 'yaaaah': 'yaaah', 'ig': 'ig', 'ngrampok': 'ngrampok'}",1,3,0.47,,,,,,,,,
4,[USERNAME] mari kita MARAKKAN RAMADHAN adalah BULANNYA MILAD AL QURAN karena kita tidak tahu pasti kapan mulai turunnya wahyu yang dibawa oleh Malaikat-Nya untuk disampaikan kepada Nabi Muhammad SAW.,mari kita MARAKKAN RAMADHAN adalah BULANNYA MILAD AL QURAN karena kita tidak tahu pasti kapan mulai turunnya wahyu yang dibawa oleh untuk disampaikan kepada Nabi Muhammad,0.9782434701919556,4,[4.400e-03 7.000e-04 5.400e-03 3.500e-03 9.859e-01],4,[0.0101 0.0018 0.0208 0.009  0.9583],"{'muhammad': 'muhammad', 'mari': 'mari', 'wahyu': 'wahyu', 'ramadhan': 'ramadhan', 'nabi': 'nabi', 'dibawa': 'dibawa', 'milad': 'milad'}",4,4,0.8807,,,,,,,,,
1,"Brasil, kandidat kuat juara 2014 tapi dihajar Jerman 1-7. Selain Neymar yang absen sehingga daya serang turun, Thiago Silva juga absen. Sisanya David Luiz, dimana dia? Gak dibawa!! Cuma 4 orang pemain yang main di 2014 masih dibawa ke Rusia. Kunci di Neymar yg haus gelar.","Brasil, kandidat kuat juara 2014 tapi dihajar Jerman 1-7. Selain Neymar yang absen sehingga daya serang turun, Thiago Silva juga absen. Sisanya David Luiz, dimana dia? Gak dibawa!! Cuma 4 orang pemain yang main di 2014 masih dibawa ke Rusia. Kunci di Neymar yg haus gelar.",1.0,0,[0.9397 0.0486 0.0014 0.0071 0.0031],0,[0.9397 0.0486 0.0014 0.0071 0.0031],,0,0,0.2,,,,,,,,,
0,"Keram betis akibat mandi jam 10 Umur lu udah tua mel, dikira masih gagah aja gitu? Abisnya kemana-mana masih sama emak sih berasa masih sekolah aja gitu :""(",Keram betis akibat mandi jam 10 Umur lu udah tua dikira masih gagah aja Abisnya masih sama emak neraka berasa masih sekolah aja gitu,0.9676876068115234,0,[0.8198 0.1654 0.0011 0.0108 0.0029],1,[0.4577 0.5273 0.0013 0.0081 0.0056],"{'sekolah': 'sekolah', 'aja': 'aja', 'sih': 'neraka', 'abisnya': 'abisnya', 'lu': 'lu', 'gagah': 'gagah', 'umur': 'umur'}",0,0,0.6417,,,,,,,,,
3,"Kalo aku sendiri waktu pertama kali sampe ke guest house-nya emang agak takut. Tapi kalo aku sih bukan ke arah karena bisa ngedeteksi ada apa2, cuma karena orangnya memang penakut wkwk. Apalagi guest house-nya dalam keadaan sepi dan kosong.",Kalo aku sendiri waktu pertama masa sampe ke guest emang agak Tapi kalo aku neraka bukan ke arah karena bisa ngedeteksi ada cuma karena orangnya memang Penakut Apalagi guest dalam keadaan sepi dan,0.9586029052734376,3,[2.700e-03 9.000e-04 2.500e-03 9.892e-01 4.700e-03],3,[0.0047 0.0013 0.0022 0.988  0.0038],"{'penakut': 'Penakut', 'guest': 'guest', 'ngedeteksi': 'ngedeteksi', 'apalagi': 'apalagi', 'arah': 'arah', 'sepi': 'sepi', 'sih': 'neraka', 'kali': 'masa'}",3,3,0.7978,,,,,,,,,
0,"Sayaa sadar saya ini siapa, km siapa Dan takkan mungkin mjd kita Kangen, iya Jarang ketemu, iya Kadang curigaan, iya Krn aku  km Mimpi yg wkt itu mungkin biar kangen ku akan km terobati Nyatanya malah menjadi Arhhhh... Allah Maha Tau",Sayaa sadar saya ini km siapa Dan takkan mungkin mjd kita iya Jarang iya Kadang iya Krn aku km Mimpi yg wkt itu mungkin biar kangen ku akan km terobati Nyatanya malah menjadi Allah Maha Tau,0.9867308139801024,0,[9.858e-01 3.900e-03 5.000e-03 5.000e-03 4.000e-04],0,[0.964  0.002  0.0251 0.0071 0.0019],"{'takkan': 'takkan', 'nyatanya': 'nyatanya', 'terobati': 'terobati', 'mjd': 'mjd', 'krn': 'krn', 'jarang': 'jarang', 'sayaa': 'sayaa', 'iya': 'iya', 'dan': 'dan', 'yg': 'yg', 'sadar': 'sadar', 'biar': 'biar', 'wkt': 'wkt'}",0,0,2.6003,,,,,,,,,
0,"Kadang seseorang punya 1001 cara untuk menghibur orang lain, tapi tidak punya 1 carapun untuk menghibur dirinya sendiri.",Kadang seseorang punya 1001 cara untuk menghibur orang tapi tidak punya 1 carapun untuk menghibur dirinya,0.9788190126419068,0,[0.984  0.0029 0.0048 0.0042 0.004 ],0,[0.9256 0.0282 0.0128 0.0071 0.0264],"{'kadang': 'kadang', 'orang': 'orang', 'menghibur': 'menghibur'}",0,0,0.7485,,,,,,,,,
1,Wah keliatan Gobloknya Kalau bgtu bangsa kita. Masa Waste System hanya tempat sampah dari jerman [USERNAME] [USERNAME] [USERNAME] Tolong gub+wagub temuin Mas [USERNAME] Sy sudah berikan konsep penanganan sampah scr integrated ke Beliau. Rencana sy presentasikan [URL],Wah keliatan Gobloknya Kalau bgtu bangsa Masa Waste System hanya tempat sampah dari Jerman Tolong temuin Mas Sy sudah berikan konsep penanganan sampah scr integrated ke Rencana sy presentasikan,0.7684937715530396,1,[3.000e-03 9.957e-01 2.000e-04 7.000e-04 4.000e-04],1,[2.700e-03 9.959e-01 3.000e-04 7.000e-04 4.000e-04],"{'gobloknya': 'bodoh', 'kalau': 'kalau', 'temuin': 'temuin', 'bgtu': 'bgtu', 'wah': 'wow', 'rencana': 'rencana', 'penanganan': 'penanganan', 'waste': 'waste', 'sy': 'sy', 'scr': 'scr', 'tolong': 'tolong', 'jerman': 'Jerman', 'keliatan': 'keliatan'}",1,1,0.5714,,,,,,,,,
0,kalau disaat-saat kaya gini rasanya gue kepingin banget tinggal di kampung ya allah :( di daerah gue udh ga ada adat istiadat sundanya huhu monangis,kalau kaya gini rasanya saya kepingin banget tinggal di kampung ya Tuan di daerah saya Sudah ga ada adat istiadat sundanya huhu monangis,0.9272778034210204,0,[0.9779 0.002  0.0028 0.0147 0.0025],0,[0.942  0.0184 0.0034 0.0239 0.0123],"{'allah': 'Tuan', 'monangis': 'monangis', 'ga': 'ga', 'sundanya': 'sundanya', 'ya': 'ya', 'huhu': 'huhu', 'kampung': 'kampung', 'udh': 'Sudah', 'gue': 'saya', 'tinggal': 'tinggal'}",0,0,0.4557,,,,,,,,,
1,[USERNAME] [USERNAME] Wah banget ini pak Sbg contoh jalan kampung saya dari simpang parmonangan tiga balata ke bosar / bandar Jawa luar biasa rusak nya PaRAH,[USERNAME] [USERNAME] Wah banget ini pak Sbg contoh jalan kampung saya dari simpang parmonangan tiga balata ke bosar / bandar Jawa luar biasa rusak nya PaRAH,1.0,0,[0.7295 0.0637 0.0032 0.182  0.0216],0,[0.7295 0.0637 0.0032 0.182  0.0216],,0,0,0.13,,,,,,,,,
3,"Nah, semenjak itu gw mulai ngerasa takut untuk menjalin hubungan lg. Gw takut di boongin Sumpah. Trauma banget.",semenjak itu w mulai ngerasa takut untuk menjalin hubungan Gw takut di boongin Trauma,0.828898549079895,3,[0.0033 0.0016 0.0043 0.9889 0.0019],3,[0.0142 0.0067 0.0129 0.9584 0.0079],"{'gw': 'w', 'trauma': 'trauma', 'takut': 'takut', 'hubungan': 'hubungan', 'menjalin': 'menjalin'}",3,3,0.4124,,,,,,,,,
1,Warga DKI yang dimintain THR gak usah pada ngedumel ngapah.timbang setaon sekali aja juga dimintainnya.lgian kayaknya itu suka rela deh.gak dipatok harus sekian-sekian. Parcaya deh rezeki anda akan semakin mambah ,Warga DKI yang dimintain THR tidak usah pada ngedumel setaon sekali aja juga kayaknya itu suka rela mematuk harus Parcaya deh rezeki anda akan semakin mambah,0.9764271378517152,1,[0.0178 0.9519 0.0042 0.002  0.0241],1,[2.000e-03 9.966e-01 4.000e-04 5.000e-04 5.000e-04],"{'dipatok': 'mematuk', 'dki': 'dki', 'ngedumel': 'ngedumel', 'setaon': 'setaon', 'aja': 'aja', 'kayaknya': 'kayaknya', 'gak': 'tidak', 'warga': 'penduduk', 'parcaya': 'percaya'}",1,4,1.726,,,,,,,,,
3,"Udah dibilang kan semakin kesini makin pd khawatir sama votenya, trainees udh semakin bagus jd pd bingung mau vote siapa, kecuali yg dr awal emg udh jd fans trainee tsb. Ngga bisa ketebak yg bakal debut siapa.",Udah katakan kan semakin kesini makin pd khawatir sama trainees udh semakin bagus jd pd salah mau vote kecuali yg dr awal emg udh jd fans trainee Ngga bisa tekan yg bakal debut,0.9658263325691224,3,[0.0036 0.0032 0.0012 0.99   0.0021],3,[0.0084 0.0195 0.0014 0.9689 0.0018],"{'pd': 'pd', 'bingung': 'salah', 'kesini': 'kesini', 'jd': 'jd', 'dibilang': 'katakan', 'trainees': 'trainees', 'yg': 'yg', 'kecuali': 'kecuali', 'ngga': 'ngga', 'ketebak': 'tekan', 'emg': 'emg', 'debut': 'debut'}",3,3,0.75,,,,,,,,,
3,"[USERNAME] min mau nanya misal ada kesalahan buku pajak harusnya ppn tp trnyata pph minyak bumi spt gmbr brikut, solusinya gmn?? [URL]",min mau nanya misal ada kesalahan buku pajak harusnya ppn tp trnyata pph minyak bumi spt ara solusinya,0.8646703958511353,3,[0.1283 0.2616 0.0066 0.5982 0.0053],3,[0.1235 0.3718 0.0098 0.4869 0.008 ],"{'minyak': 'minyak', 'ppn': 'ppn', 'buku': 'buku', 'nanya': 'nanya', 'gmbr': 'ara', 'tp': 'tp', 'spt': 'spt', 'pajak': 'pajak'}",3,3,0.5159,,,,,,,,,
4,"[USERNAME] [USERNAME] Terima kaaih pak Kwik,, itu juga pemikiran sy secara pribadi, trm ksh sdh d'sampaikan pd forum. Dan bgitu jg hal'y dg yg d'sAmpaikn oleh ibu sarumpait.",Terima kaaih pak itu juga pemikiran sy secara trm ksh sdh pd Dan bgitu jg dg yg oleh ibu,0.8189582824707031,4,[0.0117 0.0031 0.0012 0.0035 0.9806],4,[0.0376 0.0051 0.0036 0.0069 0.9467],"{'ksh': 'ksh', 'kaaih': 'kaaih', 'dan': 'dan', 'pd': 'pd', 'dg': 'dg', 'bgitu': 'bgitu', 'sdh': 'sdh'}",4,4,0.6933,,,,,,,,,
1,Tapi bahaya juga sih Cal kalau gitu Amit2 karna kepolosan si ibu sieun kan disuruh motong hayam malah motong sapi Goreng bala bala ge teu bisa,Tapi bahaya juga sih Cal kalau gitu Amit2 karna kepolosan si ibu sieun kan disuruh motong hayam malah motong sapi Goreng bala bala ge teu bisa,1.0,3,[0.0128 0.0373 0.0024 0.9453 0.0021],3,[0.0128 0.0373 0.0024 0.9453 0.0021],,3,3,0.2,,,,,,,,,
1,"[USERNAME] tolong dijelaskan maksud dari "" Hal ini dibuktikan dengan penggunaan resi pada transaksi Anda yang telah digunakan pada transaksi lain (transaksi Anda dengan supplier Anda). "" saya rasa tidak mungkin ada double resi...",tolong dijelaskan maksud dari Hal ini dibuktikan dengan penggunaan resi pada transaksi Anda yang telah digunakan pada transaksi lain Anda dengan supplier saya rasa tidak mungkin ada double,0.971685528755188,1,[0.0033 0.9937 0.001  0.001  0.0011],1,[4.900e-03 9.901e-01 9.000e-04 2.500e-03 1.600e-03],"{'double': 'double', 'tolong': 'tolong', 'dibuktikan': 'dibuktikan', 'maksud': 'maksud', 'anda': 'anda', 'transaksi': 'transaksi'}",1,1,0.6936,,,,,,,,,
4,Si senyum ngeselin yg bisa bikin hepi.. haha.. bawaannya bahagia aja kalau udh liat nih anak perform :) ada aja kelakuannya yg bikin kangen beneran adek aneh yg ngeselin tapi ngangenin,Si senyum ngeselin yg bisa bikin bawaannya bahagia aja kalau udh liat nih anak perform ada aja kelakuannya yg bikin kangen serius adek aneh yg ngeselin tapi ngangenin,0.9936761856079102,4,[1.200e-03 7.000e-04 1.125e-01 9.000e-04 8.848e-01],2,[0.0089 0.0018 0.613  0.0012 0.3751],"{'beneran': 'serius', 'kangen': 'kangen'}",2,2,0.7413,,,,,,,,,
1,"Sebelah mana stereotyping-nya dari pernyataan saya? Coba ditunjukkan, siapa tahu saya salah bicara. Bagus dong kalau banyak yang mengecam. Semakin banyak makin terdengar suara untuk kebenaran, semakin bagus. Kalau benar tapi kalah keras sama yang salah, itu yang harus diatasi. [URL]",Sebelah mana dari pernyataan Coba siapa tahu saya salah Bagus dong kalau banyak yang Semakin banyak makin terdengar suara untuk semakin Kalau benar tapi kalah keras sama yang itu yang harus,0.9682778120040894,1,[0.0072 0.9691 0.001  0.0173 0.0054],1,[0.0279 0.9148 0.0014 0.0301 0.0259],"{'pernyataan': 'pernyataan', 'kalah': 'kalah', 'kalau': 'kalau', 'sebelah': 'sebelah', 'terdengar': 'terdengar', 'keras': 'keras'}",1,1,0.7531,,,,,,,,,
2,"Jangan tanya sedang apa aku hari ini, karena yang kulakukan selalu sama. Sedang mencintaimu. Setiap hari",Jangan tanya sedang apa aku hari karena yang kulakukan selalu Sedang Setiap hari,0.9759069085121156,2,[0.005  0.0015 0.9893 0.0016 0.0026],4,[0.2363 0.0123 0.1036 0.0089 0.6388],{'kulakukan': 'kulakukan'},4,2,0.6653,,,,,,,,,
2,"Bucin, loving with my whole heart, cemburuan BAHAHAHA, suka protes, ngambekan (?), sukanya peluk peluk sama cium cium XOXO, kangenan banget lagi chat aja masih kangen. [URL]",loving with my whole cemburuan suka ngambekan sukanya peluk peluk sama cium cium rindu banget lagi chat aja masih,0.8993921279907227,2,[0.0062 0.001  0.9898 0.0016 0.0013],2,[0.2078 0.0066 0.779  0.0043 0.0024],"{'loving': 'loving', 'cium': 'cium', 'sukanya': 'sukanya', 'peluk': 'peluk', 'ngambekan': 'ngambekan', 'banget': 'banget', 'kangenan': 'rindu'}",2,2,0.7328,,,,,,,,,
1,"Ada yg lebih menggelikan ketimbang kasus sexual harassment yg menimpa Via Vallen: para politisi &amp partai politik memanfaatkannya sbg ""panggung pertunjukan"" dgn dalih pembelaan korban. #HilihKinthil",Ada yg lebih menggelikan ketimbang kasus sexual harassment yg menimpa Via para politisi pesta politik memanfaatkannya sbg dgn dalih pembelaan,0.939629852771759,1,[3.070e-02 9.667e-01 9.000e-04 1.300e-03 4.000e-04],1,[4.180e-02 9.531e-01 7.000e-04 3.700e-03 7.000e-04],"{'pembelaan': 'pembelaan', 'ketimbang': 'ketimbang', 'memanfaatkannya': 'memanfaatkannya', 'partai': 'pesta', 'dgn': 'dgn', 'politik': 'politik', 'yg': 'yg', 'via': 'via', 'menimpa': 'menimpa', 'sbg': 'sbg'}",1,1,0.7004,,,,,,,,,
1,[USERNAME] [USERNAME] Hanya orang yg berotak tai seperti anda yg mengatakan jakarta sekarang lebih bagus ! Makanya menilai sesuatu itu harus jauh dari kepentingan diri sendiri !,Hanya orang yg berotak tai seperti anda yg mengatakan jakarta sekarang lebih bagus Makanya menilai sesuatu itu harus jauh dari kepentingan diri sendiri,0.9375643134117126,1,[0.0172 0.9706 0.0036 0.0062 0.0024],1,[4.800e-03 9.923e-01 1.000e-03 7.000e-04 1.100e-03],"{'tai': 'tai', 'berotak': 'berotak', 'orang': 'orang', 'yg': 'yg', 'kepentingan': 'kepentingan', 'makanya': 'jadi'}",1,1,0.6883,,,,,,,,,
4,"Baca buku ini diawal senyum, ditengah-tengah senyum miris, diakhir senyum pasrah. Nuhun bung [USERNAME]#bukugariswaktu #fiersabesari","Baca buku ini diawal senyum, ditengah-tengah senyum miris, diakhir senyum pasrah. Nuhun bung [USERNAME]#bukugariswaktu #fiersabesari",1.0,0,[0.6301 0.0036 0.0133 0.0113 0.3417],0,[0.6301 0.0036 0.0133 0.0113 0.3417],,4,4,0.21,,,,,,,,,
2,Wah aku mimpi kali ya.../kedip berkali-kali karena kaget letakin lengan di meja sambil numpu dagu/ sayang kok ga bilang sih kamu bisa masak? Aigoo pacar aku keren ,Wah aku mimpi kali ya.../kedip berkali-kali karena kaget letakin lengan di meja sambil numpu dagu/ sayang kok ga bilang sih kamu bisa masak? Aigoo pacar aku keren ,1.0,4,[0.026  0.0024 0.4331 0.0347 0.5038],4,[0.026  0.0024 0.4331 0.0347 0.5038],,2,2,0.22,,,,,,,,,
1,"Kaya gitu terus ya netijen, kalau ada kasus pelecehan seksual selalu aja korban yg disalahkan. Pdhl, posisinya korban lo. Sederhananya aja ya, ga ada orang yg mau jadi korban. Gue respect si, sm caranya #viaVallen seenggaknya si pelaku malu dan sbg peringatan jg buat yg lain.",Kaya gitu terus ya kalau ada kasus pelecehan seksual selalu aja mangsa yg posisinya mangsa Sederhananya aja ga ada orang yg mau jadi Gue respect sm caranya seenggaknya si pelaku malu dan sbg amaran jg buat yg,0.9816195368766784,1,[1.900e-03 9.968e-01 4.000e-04 6.000e-04 4.000e-04],1,[5.100e-03 9.935e-01 3.000e-04 7.000e-04 4.000e-04],"{'gitu': 'gitu', 'si': 'si', 'peringatan': 'amaran', 'sm': 'sm', 'respect': 'respect', 'korban': 'mangsa', 'seenggaknya': 'seenggaknya', 'malu': 'malu', 'pelaku': 'pelaku', 'gue': 'saya', 'seksual': 'seksual', 'kaya': 'kaya', 'jg': 'jg', 'yg': 'yg'}",1,1,0.8901,,,,,,,,,
0,"[USERNAME] [USERNAME] Berarti Yusufk09 seringnya nonton penyanyi dangdut yg cuma ""jual"" goyangan atau busana seksi dibanding suara bagus",Berarti Yusufk09 seringnya menonton penyanyi dangdut yg cuma goyangan atau busana seksi dibanding suara baik,0.8024866580963135,0,[0.9179 0.0231 0.0013 0.0401 0.0177],0,[0.8997 0.0489 0.0035 0.0165 0.0314],"{'bagus': 'baik', 'dibanding': 'dibanding', 'berarti': 'berarti', 'nonton': 'menonton', 'yg': 'yg', 'penyanyi': 'penyanyi'}",0,0,0.4931,,,,,,,,,
1,"aneh.... ada wanita dilecehin dan ngelawan, malah dibully... yang inilah itulah... tapi giliran dia atau ibunya, saudara perempuannya dilecehin.. ngamuknya kaya kesurupan setan se-neraka. dan yang bully korban banyaknya PEREMPUAN juga.. #ajaib #savewoman #SaveViaVallen","aneh.... ada wanita dilecehin dan ngelawan, malah dibully... yang inilah itulah... tapi giliran dia atau ibunya, saudara perempuannya dilecehin.. ngamuknya kaya kesurupan setan se-neraka. dan yang bully korban banyaknya PEREMPUAN juga.. #ajaib #savewoman #SaveViaVallen",1.0,0,[0.7698 0.139  0.0042 0.0782 0.0088],0,[0.7698 0.139  0.0042 0.0782 0.0088],,4,4,0.11,,,,,,,,,
1,"yang ingin aku sampaikan ini adalah, jangan pernah membiarkan seseorang menggunakan karyamu tanpa izin apalagi dalam bentuk bisnis/komersil. karena apapun bentuk karyamu adalah kamu si pemilik hak cipta tersebut. siapapun yang melanggarnya bisa dipidanakan berdasarkan UU ITE","yang ingin aku sampaikan ini adalah, jangan pernah membiarkan seseorang menggunakan karyamu tanpa izin apalagi dalam bentuk bisnis/komersil. karena apapun bentuk karyamu adalah kamu si pemilik hak cipta tersebut. siapapun yang melanggarnya bisa dipidanakan berdasarkan UU ITE",1.0,3,[0.0781 0.1827 0.013  0.7147 0.0115],3,[0.0781 0.1827 0.013  0.7147 0.0115],,3,3,0.13,,,,,,,,,
0,"Lagi belajar tentang putusan2 pak Artidjo sambil dengerin Chris Cornell. Menyangkut lembaga yudikatif biasanya teman diskusi saya cuma satu, sayang orangnya sudah pergi. [URL]",Lagi belajar tentang putusan2 pak Artidjo sambil dengerin Chris Menyangkut lembaga yudikatif biasanya teman diskusi saya cuma sayang orangnya sudah,0.942003607749939,0,[0.943  0.0012 0.0066 0.0154 0.0338],0,[0.9586 0.0026 0.0164 0.0074 0.015 ],"{'sayang': 'sayang', 'orangnya': 'orangnya', 'belajar': 'belajar', 'chris': 'chris', 'diskusi': 'diskusi', 'lagi': 'lagi'}",0,0,0.6582,,,,,,,,,
0,"[USERNAME] Pernah dikirimin kue sma temen pake Jne, seminggu ga nyampe. trus diganti sma pihak Jne nya. dikirim lagi, seminggu (lagi) nyampe tapi basi kuenya sampe nyusut :( setelahnya kapok, gamau lagi pake Jne.","[USERNAME] Pernah dikirimin kue sma temen pake Jne, seminggu ga nyampe. trus diganti sma pihak Jne nya. dikirim lagi, seminggu (lagi) nyampe tapi basi kuenya sampe nyusut :( setelahnya kapok, gamau lagi pake Jne.",1.0,1,[0.3356 0.6516 0.001  0.0102 0.0015],1,[0.3356 0.6516 0.001  0.0102 0.0015],,0,0,0.27,,,,,,,,,
2,"Mama takut putri manisnya jatuh lalu terluka. Tapi sadarkah kamu? Bahwa papa dengan yakin akan membiarkanmu, menatapmu dan menjagamu mengayuh sepeda dengan seksama karena dia tau putri kecilnya PASTI BISA.",Mama takut putri manis jatuh lalu Tapi sadarkah Bahwa papa dengan yakin akan menatapmu dan menjagamu mengayuh sepeda dengan seksama karena dia tahu putri kecilnya PASTI,0.9286593198776244,2,[0.0105 0.0066 0.5931 0.3707 0.0191],2,[0.0128 0.0061 0.604  0.3608 0.0163],"{'sepeda': 'sepeda', 'seksama': 'seksama', 'bahwa': 'bahwa', 'tau': 'tahu', 'putri': 'putri', 'kecilnya': 'kecilnya', 'jatuh': 'jatuh', 'papa': 'papa', 'manisnya': 'manis'}",2,2,0.734,,,,,,,,,
4,Oke. Mau cerita. Banyak. Euh. Jadi tadi barusan banget abis nonton film lima. Gratis. Aku lupa sponsornya siapa perempuan gerakan apa gitu. Kebetulan temenku punya 150 tiket gratis yang dibagiin di kota Bandung. Wey keren kan ya temenku,Mau Jadi tadi tadi banget abis menonton film Aku lupa sponsornya siapa perempuan gerakan apa Kebetulan temenku punya 150 tiket gratis yang dibagiin di kota Wey keren kan ya temenku,0.9586305618286132,4,[1.000e-03 3.000e-04 9.000e-04 1.000e-03 9.969e-01],4,[1.800e-03 4.000e-04 1.100e-03 2.500e-03 9.942e-01],"{'temenku': 'temenku', 'keren': 'keren', 'wey': 'wey', 'dibagiin': 'dibagiin', 'ya': 'ya', 'banget': 'banget', 'tiket': 'tiket', 'abis': 'abis', 'jadi': 'jadi', 'barusan': 'tadi', 'kota': 'kota', 'nonton': 'menonton'}",4,4,0.9179,,,,,,,,,
0,[USERNAME] Iya nad. Ada drama drama cryingnya juga. Apalagi kalo laper... biasa makanan ada tersedia tinggal ambil. Kalo dikos musti cari makan sendiri pas gaada temen nah ini bisa bisa nangis. Jadi kangen ibuk hahaha LOL,Iya Ada drama drama cryingnya Apalagi kalo biasa makanan ada tersedia tinggal Kalo dikos musti cari makan sendiri pas gaada temen nah ini bisa bisa Jadi kangen ibuk hahaha LOL,0.9751614928245544,0,[0.9266 0.0019 0.0094 0.0555 0.0066],3,[0.4306 0.0035 0.0082 0.5512 0.0065],"{'lol': 'lol', 'dikos': 'dikos', 'gaada': 'gaada', 'iya': 'iya', 'musti': 'musti', 'drama': 'drama', 'makan': 'makan', 'kalo': 'kalo', 'temen': 'temen', 'ada': 'ada', 'apalagi': 'apalagi'}",3,0,0.767,,,,,,,,,
0,"[USERNAME] Gaji 13 pns belum cair di kabupaten siak.... Padahal syamsuar sudah menang jadi gubernur.. Minus syam dari dulu selama menjabat siak, gaji telat atau tunjada telat","[USERNAME] Gaji 13 pns belum cair di kabupaten siak.... Padahal syamsuar sudah menang jadi gubernur.. Minus syam dari dulu selama menjabat siak, gaji telat atau tunjada telat",1.0,1,[0.3859 0.6031 0.002  0.0046 0.0044],1,[0.3859 0.6031 0.002  0.0046 0.0044],,0,0,0.23,,,,,,,,,
2,"Cinta sejati adalah ketika dia mencintai orang lain, dan kamu masih mampu tersenyum, sambil berkata: aku turut bahagia untukmu. Jika kita mencintai seseorang,:))~",Cinta sejati adalah ketika dia mencintai orang dan kamu masih mampu sambil aku turut gembira Jika kita mencintai,0.9560236930847168,2,[0.0013 0.001  0.9905 0.0018 0.0055],2,[0.0017 0.001  0.9935 0.0015 0.0024],"{'cinta': 'cinta', 'bahagia': 'gembira', 'mencintai': 'mencintai'}",2,2,0.6808,,,,,,,,,
3,"OH ULARRR... saya paling TAKUT dengan ULAR... Ya Allah, janganlah hantar tetamu ini dalam hidup ku... Sesungguhnya aku mampu sabar dengan MANUSIA KAKI BELIT tapi tak mampu sabar dengan belitan ULAR yg menggelikan",OH saya paling TAKUT dengan Ya janganlah hantar tetamu ini dalam hidup Sesungguhnya aku mampu sabar dengan MANUSIA KAKI BELIT tapi tak mampu sabar dengan belitan ULAR yg menggelikan,0.9507936835289,3,[0.0081 0.005  0.0061 0.9796 0.0012],3,[0.0044 0.005  0.0031 0.9862 0.0013],"{'hidup': 'hidup', 'ya': 'ya', 'oh': 'oh', 'ular': 'ular', 'manusia': 'lelaki', 'yg': 'yg', 'menggelikan': 'menggelikan', 'belit': 'pening', 'sabar': 'sabar'}",3,3,0.7484,,,,,,,,,
4,"[USERNAME] dulu beneran ada mahasiswa Teknik UI nembak pacarnya pas sahur di Kukusan Teknik Depok, diliput kru Katakan Cinta (dan belum pacaran mereka). Sekarang udah nikah dan punya anak. Pernah diceritain laman UI Shitposting/Divarposting juga.",dulu beneran ada mahasiswa Teknik UI nembak pacarnya pas sahur di Kukusan Teknik diliput kru Katakan Cinta belum pacaran Sekarang udah nikah dan punya Pernah diceritain laman UI,0.9582635164260864,4,[0.1371 0.0012 0.0503 0.0107 0.8007],0,[0.6747 0.0209 0.0973 0.0936 0.1134],"{'nikah': 'nikah', 'nembak': 'nembak', 'pacarnya': 'pacarnya', 'diceritain': 'diceritain', 'cinta': 'cinta', 'pernah': 'pernah', 'pacaran': 'pacaran', 'ui': 'ui', 'pas': 'pas'}",4,4,0.7678,,,,,,,,,
2," Jika ingat diriMu, hati ini plong gitu ku akan mempetahankan dirimu dalam rasaku karena kau adalah........... Sejatiku...!!! penuh cinta",Jika ingat hati ini plong gitu ku akan mempetahankan dirimu dalam rasaku karena kau penuh cinta,0.9771915078163148,2,[9.00e-04 7.00e-04 9.89e-01 1.40e-03 8.00e-03],2,[0.0018 0.001  0.9939 0.0019 0.0014],"{'cinta': 'cinta', 'mempetahankan': 'mempetahankan', 'kau': 'kau', 'hati': 'hati', 'plong': 'plong', 'rasaku': 'rasaku'}",2,2,0.6991,,,,,,,,,
1,"Sebuah misteri: kenapa kalau ada perempuan korban pelecehan seksual yang speak up, yang paling ganas jari/mulutnya justru banyak perempuan juga?","Sebuah misteri: kenapa kalau ada perempuan korban pelecehan seksual yang speak up, yang paling ganas jari/mulutnya justru banyak perempuan juga?",1.0,0,[0.6446 0.0191 0.0288 0.2697 0.0378],0,[0.6446 0.0191 0.0288 0.2697 0.0378],,3,3,0.19,,,,,,,,,
1,"[USERNAME] Guru gw dulu juga ada yg mirip gini nih, malah sampe nyumpahin gw ga dapet kerja. Ya udah lah. Mau bales nanti malah dosa dia berkurang kan sayang *eh","[USERNAME] Guru gw dulu juga ada yg mirip gini nih, malah sampe nyumpahin gw ga dapet kerja. Ya udah lah. Mau bales nanti malah dosa dia berkurang kan sayang *eh",1.0,0,[0.9522 0.0356 0.0023 0.0086 0.0013],0,[0.9522 0.0356 0.0023 0.0086 0.0013],,0,0,0.18,,,,,,,,,
0,"[USERNAME] [USERNAME] [USERNAME] Ada ya wartawan spt itu, kangen Adam Malik walau masih kecil saat beliau ada. Jurnalisme itu ilmu yg wajib dipahami dulu oleh pelaku industri press. Ada byk kaidah jurnalistik yg tdk longgar, ketat dan baku. Dilu",Ada ya wartawan spt kangen Adam Malik walau masih kecil saat beliau Jurnalisme itu ilmu yg wajib dipahami dulu oleh pelaku industri Ada byk kaidah kewartawanan yg tdk ketat dan Dilu,0.8844270706176758,0,[0.9816 0.0028 0.0021 0.0119 0.0014],0,[0.966  0.0064 0.0032 0.0116 0.0129],"{'tdk': 'tdk', 'ada': 'ada', 'jurnalisme': 'kewartawanan', 'yg': 'yg', 'jurnalistik': 'kewartawanan', 'spt': 'spt', 'kaidah': 'kaidah', 'pelaku': 'pelaku', 'dilu': 'dilu', 'ketat': 'ketat', 'ya': 'ya'}",0,0,1.4208,,,,,,,,,
1,"Itu buat siapapun, yg sering bilang kalo nggak mau kena "" sexual harassment "" jangan pakai baju sexy, pakai bikini dsb ! Please kita pake bikini ya sesuai tempat kok, toh ada juga yg pakai niqab, pakai seragam sekolah, pakai baju kantor dsb juga jadi korban",Itu buat yg sering katakan kalo nggak mau kena sexual harassment jangan pakai baju pakai bikini dsb Please kita pake bikini ya sesuai tempat toh ada juga yg pakai pakai seragam pakai baju kantor dsb juga jadi mangsa,0.9752947092056274,1,[3.900e-03 9.937e-01 3.000e-04 1.800e-03 4.000e-04],1,[4.900e-03 9.897e-01 3.000e-04 4.400e-03 7.000e-04],"{'bilang': 'katakan', 'korban': 'mangsa', 'yg': 'yg', 'itu': 'itu', 'please': 'tolonglah', 'pake': 'pake', 'dsb': 'dsb', 'bikini': 'bikini', 'pakai': 'pakai', 'kalo': 'kalo', 'harassment': 'harassment', 'kena': 'kena'}",1,1,0.8105,,,,,,,,,
0,cayo! go go! hahaha tidak-semangat sangat :( a jenuh gila belajar sendiri di kamar -_-,go hahaha sangat a jenuh gila belajar sendiri di kamar,0.8988122940063477,0,[0.7381 0.0041 0.0063 0.0259 0.2256],0,[0.8628 0.0074 0.0084 0.0099 0.1116],"{'gila': 'gila', 'kamar': 'kamar', 'a': 'a'}",0,0,0.6705,,,,,,,,,
1,"Jebakan kacung mu.HRS,imam besar ( bagi umat muslim).Tokoh agama.Prabowo mlkukan konsultasi keagamaan.Apanya yg turun kelas.Kelas bulu apa kelas bantam.Alkafirun jelas tdk paham,aplg politisi kelas ecek2.Modalnya fitnah maki2,nyinyir.Cuma itu. [URL]",Jebakan kacung besar bagi umat mlkukan rundingan yg turun bulu apa kelas jelas tdk politisi kelas fitnah,0.907292902469635,1,[1.700e-03 9.973e-01 4.000e-04 4.000e-04 2.000e-04],1,[3.400e-03 9.942e-01 5.000e-04 1.100e-03 8.000e-04],"{'fitnah': 'fitnah', 'jebakan': 'perangkap', 'konsultasi': 'rundingan', 'bulu': 'bulu', 'kacung': 'kacung', 'umat': 'umat', 'kelas': 'kelas'}",1,1,1.1185,,,,,,,,,
3,[USERNAME] [USERNAME] masi bingung gue:(takut nanti ga dapet tiket:(((( kalo make jastip takutt tambahannya gede trs takut kena tipu juga:(((,masi salah nanti ga dapatkan kalo make jastip takutt tambahannya gede trs takut kena tipu,0.7560123801231384,3,[0.0028 0.0012 0.0012 0.9928 0.0019],3,[0.0022 0.0025 0.0013 0.991  0.0029],"{'jastip': 'jastip', 'takut': 'takut', 'tipu': 'tipu', 'bingung': 'salah', 'trs': 'trs', 'ga': 'ga', 'gede': 'gede', 'dapet': 'dapatkan'}",3,3,0.7155,,,,,,,,,
0,"Kadang suka miris liat jalan di daerah2 ""pelosok"" yg dibangun sama Pemerintah Pusat. Gak nyediain pedestrian pisan.",Kadang suka miris liat jalan di daerah2 yg dibangun sama Pemerintah Gak menyediakan pedestrian,0.9342802166938782,0,[0.9783 0.0067 0.0047 0.0068 0.0035],0,[0.9426 0.0046 0.0137 0.0189 0.0202],"{'pedestrian': 'pedestrian', 'nyediain': 'menyediakan', 'liat': 'liat', 'miris': 'miris', 'jalan': 'jalan', 'pemerintah': 'kerajaan', 'gak': 'tidak'}",0,0,0.6312,,,,,,,,,
4,"Tapi walopun doi buka sekolah, isi video ignya tuh pengetahuan buat modelling semua. Wonder hasn't she think about all the pro model that could look into her profile instead and stole all the knowledge? Emang beda lah ya kalo orang humble","Tapi walopun doi buka sekolah, isi video ignya tuh pengetahuan buat modelling semua. Wonder hasn't she think about all the pro model that could look into her profile instead and stole all the knowledge? Emang beda lah ya kalo orang humble",1.0,0,[0.9417 0.0028 0.0132 0.0159 0.0265],0,[0.9417 0.0028 0.0132 0.0159 0.0265],,0,0,0.25,,,,,,,,,
4,"Saat itu, kami selalu optimis akan bisa bersaing dgn tim manapun, melihat persiapan dan panjangnya perjalanan yg sudah kami lalui. Terlebih melihat hasil pertandingan hari pertama dan kedua yang baru saja kami jalani.",Saat kami selalu optimis akan bisa bersaing dgn tim melihat persiapan dan panjangnya perjalanan yg sudah kami Terlebih melihat keputusan persaingan hari pertama dan kedua yang baru saja kami,0.9780120849609376,4,[8.300e-03 7.000e-04 3.000e-03 3.300e-03 9.847e-01],4,[0.0851 0.0064 0.007  0.0194 0.8822],"{'hasil': 'keputusan', 'pertandingan': 'persaingan', 'persiapan': 'persiapan', 'bersaing': 'bersaing', 'dgn': 'dgn', 'perjalanan': 'perjalanan'}",4,4,0.7386,,,,,,,,,
3,Jadi gue ga berani masuk dari gerbang rumah plz itu serem bgt diliatin ayam jago nya gede bgt,Jadi saya ga berani masuk dari gerbang rumah plz itu serem hebat diliatin ayam jago nya gede hebat,0.9049159288406372,3,[0.0018 0.0017 0.0021 0.991  0.0034],3,[0.0021 0.002  0.0019 0.9917 0.0023],"{'bgt': 'hebat', 'serem': 'serem', 'gerbang': 'gerbang', 'jadi': 'jadi', 'masuk': 'masuk', 'rumah': 'rumah', 'ga': 'ga', 'plz': 'plz', 'gue': 'saya'}",3,3,0.7496,,,,,,,,,
0,"Cemburu melihat dia tengah bahagia dan membahagiakan kekasihnya, itu rasa yang salah. Kamu cukup paham, beberapa perasaan terpaksa harus kau sudahi sendiri",Cemburu melihat dia tengah bahagia dan membahagiakan itu rasa yang Kamu cukup beberapa perasaan terpaksa harus kau sudahi sendiri,0.9528641700744628,0,[9.838e-01 2.900e-03 7.400e-03 5.100e-03 9.000e-04],0,[0.9701 0.0052 0.0184 0.0041 0.0022],"{'terpaksa': 'terpaksa', 'sudahi': 'sudahi', 'kau': 'kau', 'cemburu': 'cemburu'}",0,0,0.6988,,,,,,,,,
0,"Di Dm Marco Simic pake kata-kata senonoh marah, tapi aku ngeDm udah lama minta kenalan aja gapernah dibalas, duh mbak Via Vallen mah gitu orangnya huhu","Di Dm Marco Simic pake kata-kata senonoh marah, tapi aku ngeDm udah lama minta kenalan aja gapernah dibalas, duh mbak Via Vallen mah gitu orangnya huhu",1.0,1,[3.310e-02 9.633e-01 1.800e-03 1.100e-03 6.000e-04],1,[3.310e-02 9.633e-01 1.800e-03 1.100e-03 6.000e-04],,0,0,0.21,,,,,,,,,
2,"Sebenernya gue sayang, di stiap kali berpapasan.",Sebenernya gue di stiap masa,0.5826366543769836,2,[1.400e-03 1.300e-03 9.936e-01 2.800e-03 9.000e-04],0,[0.6974 0.0289 0.0776 0.0122 0.1839],{'kali': 'masa'},0,2,0.6636,,,,,,,,,
4,"keinget dulu smnggu sblum kompre tiap malam nangis trus seminggu sblum ukmmpd nangis cemas takut, gak tau apa2, minder sama kawan2skrng doa sudah terjawab, terimakasih yesusku","keinget dulu smnggu sblum kompre tiap malam nangis trus seminggu sblum ukmmpd nangis cemas takut, gak tau apa2, minder sama kawan2skrng doa sudah terjawab, terimakasih yesusku",1.0,3,[0.2256 0.0017 0.008  0.5245 0.2402],3,[0.2256 0.0017 0.008  0.5245 0.2402],,4,4,0.22,,,,,,,,,
1,[USERNAME] [USERNAME] Sy ga krj krn hrs merawat ibu sy yg sdh pikun hanya jualan di rmh krn km hanya ber2.kl kln bl tega merampok cashback cmn sbgai uang mkn km jg ibu n anak buat apa kalian puasa?,Sy ga krj krn hrs merawat ibu sy yg sdh pikun hanya jualan di rmh krn km hanya kln bl tega merampok cashback cmn sbgai uang mkn km jg ibu n anak buat apa kalian,0.9398425817489624,1,[1.020e-02 9.874e-01 1.100e-03 7.000e-04 7.000e-04],1,[0.0563 0.9364 0.0032 0.0016 0.0026],"{'km': 'km', 'tega': 'tega', 'ga': 'ga', 'merampok': 'merampok', 'jualan': 'jualan', 'pikun': 'pikun', 'yg': 'yg', 'kln': 'kln', 'cashback': 'cashback', 'sdh': 'sdh', 'bl': 'bl', 'sy': 'sy', 'jg': 'jg', 'krj': 'krj', 'mkn': 'mkn'}",1,1,0.6958,,,,,,,,,
4,[USERNAME] [USERNAME] Ini price list yang ada dari facebook nya mereka. Web nya di [URL] semoga membantu :)) Anyway ini myday yang biasanya sering karaoke disana [USERNAME] :)) [URL],Ini price list yang ada dari facebook nya Web nya di semoga membantu Anyway ini myday yang biasanya sering karaoke disana,0.8519423007965088,4,[0.0854 0.0021 0.0099 0.0141 0.8886],4,[0.1943 0.0046 0.0196 0.0353 0.7463],"{'disana': 'disana', 'facebook': 'facebook', 'ini': 'ini', 'karaoke': 'karaoke', 'list': 'list', 'myday': 'myday', 'anyway': 'bagaimanapun'}",4,4,0.6383,,,,,,,,,
0,"Bukan ku menghindar atau tidak bijak dalam menyikapi masalah, namu hanya saja ingin menengankan pikiran sejenak dan tak ingin mementingkan ego tersendiri~",Bukan ku menghindar atau tidak bijak dalam menyikapi namu hanya saja ingin menengankan pikiran sejenak dan tak ingin mementingkan ego,0.989487886428833,0,[0.9715 0.0036 0.0087 0.0117 0.0045],0,[0.972  0.0053 0.0065 0.01   0.0063],"{'menyikapi': 'menyikapi', 'bijak': 'bijak', 'menengankan': 'menengankan', 'ku': 'ku', 'namu': 'namu', 'mementingkan': 'mementingkan'}",0,0,0.6084,,,,,,,,,
0,"[USERNAME] ya gimana ya lin, coba deh mbok pikir aja km sbnre msh sayang bgt sama mantanmu trs dia jg smpe dtk ini msh memperlakukan km sama seperti pas dia msh jd pacar mu, kan jd memupuk rasa lagi nek gt :(","[USERNAME] ya gimana ya lin, coba deh mbok pikir aja km sbnre msh sayang bgt sama mantanmu trs dia jg smpe dtk ini msh memperlakukan km sama seperti pas dia msh jd pacar mu, kan jd memupuk rasa lagi nek gt :(",1.0,1,[1.299e-01 8.625e-01 1.100e-03 6.100e-03 4.000e-04],1,[1.299e-01 8.625e-01 1.100e-03 6.100e-03 4.000e-04],,0,0,0.05,,,,,,,,,
3,"Makin serem ya dunia ini... ga seindah yg gue bayangkan waktu kecil.. terlalu banyak org jahat, atau mungkin gue yg terlalu naif menganggap semua orang itu baik..",Makin serem ya dunia ga seindah yg saya bayangkan waktu terlalu banyak org atau mungkin saya yg terlalu naif menganggap semua orang itu,0.9536029100418092,3,[2.500e-03 9.000e-04 2.100e-03 9.893e-01 5.200e-03],3,[2.400e-03 9.000e-04 1.000e-03 9.932e-01 2.600e-03],"{'org': 'org', 'bayangkan': 'bayangkan', 'gue': 'saya', 'ga': 'ga', 'yg': 'yg', 'menganggap': 'menganggap', 'dunia': 'dunia', 'orang': 'orang'}",3,3,0.3506,,,,,,,,,
2,"Kau tak terganti, Kau yang selalu kunanti, Takkan ku lepas lagi. Pegang tanganku Bersama jatuh cinta Kali kedua pada yang sama Sama indahnya.. [URL]",Kau tak Kau yang selalu Takkan ku lepas Pegang tanganku Bersama jatuh cinta Kali kedua pada yang sama Sama,0.9607887864112854,2,[0.001  0.001  0.9946 0.0017 0.0017],2,[0.0051 0.0014 0.9911 0.0014 0.0011],"{'cinta': 'cinta', 'takkan': 'takkan', 'sama': 'sama', 'pegang': 'pegang', 'lepas': 'lepas', 'ku': 'ku', 'tanganku': 'tanganku'}",2,2,0.5624,,,,,,,,,
1," ""Mka.a jgn ngatain org klu gmau dikatain...jaga tuh ocehanmu.. Giliran dikatain bla bla bla.."" dibaca tuh sapa yg ngatain",jgn ngatain org klu gmau tuh Giliran dikatain bla bla dibaca tuh sapa yg ngatain,0.949999451637268,1,[1.200e-03 9.974e-01 5.000e-04 6.000e-04 3.000e-04],1,[2.100e-03 9.967e-01 3.000e-04 6.000e-04 3.000e-04],"{'jgn': 'jgn', 'ngatain': 'ngatain', 'yg': 'yg', 'org': 'org', 'klu': 'klu', 'sapa': 'sapa', 'gmau': 'gmau', 'bla': 'bla', 'dikatain': 'dikatain'}",1,1,0.4067,,,,,,,,,
2,"Mbak mau bawa barang bapak apa? Baju bapak? Tapi nnt tdk bisa dipake Mbak kalo baju ya. Sarung bapak mau? Sarung aja ya, yg biasa bapak pake ke masjid. Biar kalo kangen bisa dipake. Ibu ambilkan. Bu, semoga bisa ketemu lagi secepatnya ya. Ada cinta bapak di senyum ibu.",Mbak mau bawa barang bapak Baju Tapi nnt tdk bisa dipake Mbak kalo baju Sarung bapak Sarung aja yg biasa bapak pake ke Biar kalo kangen bisa Ibu semoga bisa ketemu lagi secepatnya Ada cinta bapak di senyum,0.9550337195396424,2,[0.0025 0.0013 0.9743 0.0026 0.0193],2,[0.0154 0.0029 0.944  0.0083 0.0294],"{'kangen': 'kangen', 'ketemu': 'ketemu', 'secepatnya': 'secepatnya', 'biar': 'biar', 'kalo': 'kalo', 'ibu': 'ibu', 'bawa': 'bawa', 'ada': 'ada', 'aja': 'aja', 'baju': 'baju', 'tapi': 'tetapi', 'senyum': 'senyum', 'mbak': 'rindu', 'dipake': 'dipake', 'nnt': 'nnt'}",2,2,0.6961,,,,,,,,,
2,"Aku bahagia bersama Pisces, dan mencintai dengan tulus. Mencintai dengan apa adanya. Dan hanya dengan Pisces ku tak ingin lepas, apapun yang terjadi. Bahkan dulu jika ku disebut 'bodoh' pun aku rela. hahaha. memang cinta membuat buta.",Aku gembira bersama dan mencintai dengan Mencintai dengan apa Dan hanya dengan Pisces ku tak ingin apapun yang Bahkan dulu jika ku disebut pun saya memang cinta membuat,0.923215627670288,2,[1.000e-03 9.000e-04 9.924e-01 1.900e-03 3.800e-03],2,[0.0132 0.0017 0.9809 0.0022 0.0021],"{'cinta': 'cinta', 'bahagia': 'gembira', 'aku': 'saya', 'mencintai': 'mencintai', 'bahkan': 'bahkan', 'pisces': 'Pisces'}",2,2,1.2967,,,,,,,,,
2,Penyemangat hidup aku adalah Ayah dan Ibu atau Keluargaku Terima kasih atas keluargaku Tak akan aku lupakan semua Dengan perkataan Keluargaku yang ku sayang,Penyemangat hidup aku adalah Ayah dan Ibu atau Keluargaku Terima cinta atas keluargaku Tak akan aku lupakan semua Dengan perkataan Keluargaku yang ku sayang,0.99062317609787,2,[3.000e-03 1.400e-03 9.216e-01 9.000e-04 7.300e-02],2,[9.00e-04 7.00e-04 9.94e-01 6.00e-04 3.80e-03],"{'perkataan': 'perkataan', 'keluargaku': 'keluargaku', 'dengan': 'dengan', 'ku': 'ku', 'tak': 'tak', 'penyemangat': 'penggalak', 'hidup': 'hidup', 'kasih': 'cinta'}",2,2,2.0557,,,,,,,,,
0,"Iya aku baru ingat dia dulu pernah lelah menunggu aku yang menganggapnya hanya teman, dan saat ini aku yang lelah menunggumu untuk kembali memelukku lagi.",Iya aku baru ingat dia dulu pernah penat menunggu aku yang menganggapnya hanya dan saat ini aku yang penat menunggumu untuk kembali memelukku,0.9793829917907716,0,[9.751e-01 3.100e-03 1.860e-02 2.200e-03 9.000e-04],0,[0.9773 0.0038 0.0153 0.0024 0.0011],"{'memelukku': 'memelukku', 'lelah': 'penat', 'iya': 'iya', 'menganggapnya': 'menganggapnya'}",0,0,0.6819,,,,,,,,,
4,"Haha ga sih, kalo ditanya kapan nikah sih aku bakal jawab ""yah nanti dulu om/tante/bude/pakde/mas/mbak, baru kerja juga kok ya mau nabung dulu, nyiapin bekal buat berkeluarga dl hehe""","Haha ga sih, kalo ditanya kapan nikah sih aku bakal jawab ""yah nanti dulu om/tante/bude/pakde/mas/mbak, baru kerja juga kok ya mau nabung dulu, nyiapin bekal buat berkeluarga dl hehe""",1.0,0,[0.4927 0.0371 0.0662 0.1708 0.2332],0,[0.4927 0.0371 0.0662 0.1708 0.2332],,0,0,0.27,,,,,,,,,
1,Kalau begal bagaimana pak polisi ? Terus pelaku nya kerusuhan tersebut apa hanya di bubarkan saja ? Kenapa tidak tembak mati saja. Agar jera tidak lakukan lagi.trims [URL],Kalau begal bagaimana pak polisi Terus pelaku nya kerusuhan tersebut apa hanya di bubarkan saja Kenapa tidak tembak mati Agar jera tidak lakukan,0.9785175919532776,1,[3.800e-03 9.912e-01 6.000e-04 3.700e-03 8.000e-04],1,[4.300e-03 9.888e-01 6.000e-04 5.100e-03 1.300e-03],"{'begal': 'begal', 'lakukan': 'lakukan', 'polisi': 'polisi', 'kenapa': 'kenapa', 'terus': 'terus', 'tembak': 'tembak', 'mati': 'mati', 'kerusuhan': 'kerusuhan'}",1,1,0.6859,,,,,,,,,
4,duh sumpe ngakak hahaha jaman kalo ngetweet terus keliatan 'via blekberi' itu lo udah masuk kategori anak gaul tingkat international ya duh susah sih kalo knalpot dikasi nyawa mah begitu jadinya,duh sumpe ngakak hahaha jaman kalo ngetweet terus keliatan itu lo udah masuk kategori anak gaul tingkat international ya duh susah sih kalo knalpot dikasi nyawa mah begitu jadinya,0.9873914122581482,4,[0.3108 0.0655 0.0021 0.056  0.5656],4,[0.1196 0.0188 0.0022 0.0321 0.8273],"{'anak': 'anak', 'mah': 'mah', 'sumpe': 'sumpe', 'masuk': 'masuk', 'ngetweet': 'ngetweet', 'jaman': 'jaman', 'kalo': 'kalo', 'kategori': 'kategori', 'hahaha': 'hahaha', 'ya': 'ya', 'duh': 'duh', 'international': 'international', 'nyawa': 'nyawa', 'gaul': 'gaul'}",4,4,0.7453,,,,,,,,,
2,"suka sama sifat protective-nya, bawelnya, manjanya, terus dia yg sayang banget sama Nako, cemburuan as always wkwk tapi ndapapa daddy Nako selalu sayang daddy kok ehehe",suka sama sifat terus dia yg sayang banget sama cemburuan as sentiasa wkwk tapi ndapapa daddy Nako selalu sayang daddy kok ehehe,0.9796180129051208,2,[1.00e-03 5.00e-04 9.91e-01 5.00e-04 7.00e-03],2,[1.800e-03 5.000e-04 9.902e-01 6.000e-04 7.000e-03],"{'daddy': 'daddy', 'sayang': 'sayang', 'suka': 'suka', 'cemburuan': 'cemburuan', 'always': 'sentiasa', 'sifat': 'sifat', 'nako': 'nako'}",2,2,0.7349,,,,,,,,,
4,"Nikmat dunia hanya sementara, Indahnya cinta hanya seketika, Indahnya mimpi itu belum pasti, Tetapi eratnya silaturahim, insyaallah dibawa sampai mati. Dari teman saya Prof. Rifai. Selamat malam tweeps. Jangan lupa berdoa sebelum tidur.",Nikmat dunia hanya Indahnya cinta hanya Indahnya mimpi itu belum Tetapi eratnya insyaallah dibawa sampai Dari teman saya Selamat malam Jangan lupa berdoa sebelum,0.947397232055664,4,[0.0052 0.0009 0.178  0.0083 0.8075],4,[0.0139 0.0019 0.3347 0.0146 0.6349],"{'tetapi': 'tetapi', 'jangan': 'jangan', 'berdoa': 'berdoa', 'selamat': 'selamat', 'malam': 'malam', 'cinta': 'cinta', 'eratnya': 'eratnya'}",2,2,0.7369,,,,,,,,,
1,"Karena yang komen julid begichu 1. juga pengen di DM sama si pelaku 2. Uda pernah di DM dan hayuk hayuk aja diajak enak enak  3. Otaknya kagak dipake, bayangin aja anak ente yang kena begitu Udalaah, susah nanggepin otak isinya dengkul cebong",Karena yang komen julid begichu juga pengen di DM sama si pelaku Uda pernah di DM dan hayuk hayuk aja diajak baik baik Otaknya kagak bayangin aja anak ente yang kena begitu susah nanggepin otak isinya dengkul cebong,0.96469247341156,1,[2.200e-03 9.968e-01 2.000e-04 4.000e-04 3.000e-04],1,[1.300e-03 9.977e-01 2.000e-04 4.000e-04 3.000e-04],"{'cebong': 'cebong', 'enak': 'baik', 'diajak': 'diajak', 'ente': 'ente', 'aja': 'aja', 'pelaku': 'pelaku', 'otaknya': 'otaknya', 'dm': 'dm', 'kagak': 'kagak', 'hayuk': 'hayuk', 'uda': 'uda', 'isinya': 'isinya', 'si': 'si', 'komen': 'komen'}",1,1,0.8054,,,,,,,,,
1,Fisik? Apa itu yg kalian cari? Apa Kalo lu mati ditanya seberapa ganteng lu atau seberapa ganteng muka pacar lu? #menyedihkan sekali nasib anda,Apa itu yg kalian Apa Kalo lu mati ditanya seberapa ganteng lu atau seberapa ganteng muka pacar sekali nasib anda,0.9674901962280272,1,[0.2394 0.746  0.0056 0.0054 0.0037],1,[7.000e-03 9.909e-01 3.000e-04 1.200e-03 6.000e-04],"{'apa': 'apa', 'pacar': 'pacar', 'yg': 'yg', 'lu': 'lu', 'muka': 'muka'}",1,1,0.6876,,,,,,,,,
0,Jadi Agustus itu 1. Jadwal pulang karena teman menikah 2. Agenda jalan bareng sama rekan kantor Dua pilihan yang sama-sama ingin ikut tapi gimanaaaaaaaaa... Padahal jarang banget aku nemu waktu pas dan hati mau ikut.,Jadi Agustus itu Jadwal pulang karena teman menikah Agenda jalan bareng sama rekan pejabat Dua pilihan yang ingin ikut tapi Padahal jarang banget aku nemu waktu pas dan hati mau,0.9628857970237732,0,[0.9811 0.001  0.0055 0.0088 0.0037],0,[0.9673 0.0016 0.0051 0.0131 0.0129],"{'banget': 'banget', 'jarang': 'jarang', 'nemu': 'nemu', 'padahal': 'padahal', 'hati': 'hati', 'pulang': 'pulang', 'kantor': 'pejabat', 'dua': 'dua', 'jadwal': 'jadwal', 'agustus': 'agustus', 'rekan': 'rekan'}",0,0,0.7576,,,,,,,,,
1,"Ini!!! Banyak yang bilang milih sopir mobil harus yang bener, karena bisa membawamu masuk jurang. Lah kamu mau disopirin sama orang yang hafal 30 jus apa sama orang yang punya SIM A dan jam terbang tinggi? [URL]",Banyak yang bilang milih sopir mobil harus yang karena bisa membawamu masuk Lah kamu mau disopirin sama orang yang hafal 30 jus apa sama orang yang punya SIM A dan jam terbang,0.9811170101165771,1,[0.0242 0.9595 0.001  0.0141 0.0011],1,[0.0693 0.907  0.0034 0.0094 0.0109],"{'masuk': 'masuk', 'sopir': 'sopir', 'orang': 'orang', 'sim': 'sim', 'banyak': 'sesak', 'jus': 'jus', 'disopirin': 'disopirin', 'hafal': 'hafal', 'terbang': 'terbang'}",1,1,0.8098,,,,,,,,,
0,Level kangen tertinggi cewek itu suka ngambek g jelas. Kalo sering2 ngambek berarti lagi kangen kangennya. Tapi sayang cowok itu kadang g peka.....,Level kangen tertinggi perempuan itu suka ngambek g Kalo sering2 ngambek berarti lagi kangen Tapi sayang cowok itu kadang g,0.9709980487823486,0,[0.8518 0.0491 0.0787 0.0189 0.0014],0,[0.5893 0.0478 0.3288 0.0316 0.0024],"{'cewek': 'perempuan', 'sayang': 'sayang', 'kalo': 'kalo', 'kangen': 'kangen', 'cowok': 'cowok', 'g': 'g'}",2,0,0.6732,,,,,,,,,
0,Secret admirer mah gitu Instagram difollback doi aja langsung bikin pengumuman ke temen temen. Padahal mah doi emang begitu orangnya. Suka follback siapapun yang follow dia. Ampe olshop pun mungkin juga difollback :( [URL],Secret admirer mah gitu Instagram difollback doi aja langsung bikin pengumuman ke temen temen. Padahal mah doi emang begitu orangnya. Suka follback siapapun yang follow dia. Ampe olshop pun mungkin juga difollback :( [URL],1.0,4,[0.0414 0.0062 0.246  0.0035 0.7028],4,[0.0414 0.0062 0.246  0.0035 0.7028],,2,2,0.2,,,,,,,,,
4,"Mencuci termos ala orang malas. Isi penuh dgn air mendidih. Tutup rapat 30 menit, buang airnya. Isi termos dgn air es. Termos dapat digunakan lagi seperti biasa","Mencuci termos ala orang malas. Isi penuh dgn air mendidih. Tutup rapat 30 menit, buang airnya. Isi termos dgn air es. Termos dapat digunakan lagi seperti biasa",1.0,1,[0.3795 0.5835 0.0024 0.013  0.0216],1,[0.3795 0.5835 0.0024 0.013  0.0216],,0,0,0.21,,,,,,,,,
4,"Makasih yang udah kasih info buat ini. Lemah teles, Gusti Allah sing mbales. Kayanya mau ke Musium BI atau PRJ aja sesuai info [USERNAME] [URL]",Makasih yang udah kasih info buat Lemah Gusti Allah sing Kayanya mau ke Musium BI atau PRJ aja sesuai info,0.9362627863883972,4,[0.0565 0.0012 0.0019 0.0049 0.9355],4,[0.0351 0.0021 0.0026 0.0151 0.9451],"{'makasih': 'makasih', 'info': 'info', 'sing': 'sing', 'allah': 'Tuan', 'sesuai': 'sesuai', 'musium': 'muzium', 'aja': 'aja', 'prj': 'prj', 'udah': 'udah'}",4,4,0.6894,,,,,,,,,
0,"200 mubalig versi Menag,sdh ditatar.Bahan ceramah hrs sesuai dgn Menag.Lucu juga.Ceramah terkendali.Jika para mubalig menolak Menag mundur.Iya dong,kalo [USERNAME] punya harga diri. [URL]","200 mubalig versi Menag,sdh ditatar.Bahan ceramah hrs sesuai dgn Menag.Lucu juga.Ceramah terkendali.Jika para mubalig menolak Menag mundur.Iya dong,kalo [USERNAME] punya harga diri. [URL]",1.0,1,[4.000e-03 9.932e-01 7.000e-04 1.100e-03 9.000e-04],1,[4.000e-03 9.932e-01 7.000e-04 1.100e-03 9.000e-04],,1,1,0.21,,,,,,,,,
0,"Maafkan segala kekhilafan beliau semasa hidupnya. Beliau berpulang di bulan yang baik, semoga almarhum di tempatkan di tempat yang terbaik. Insyaallah Khusnul khatimah. Aamiin",Maafkan segala kekhilafan dia semasa Beliau berpulang di bulan yang Semoga almarhum di tempatkan di tempat yang Insyaallah Khusnul Aamiin,0.9442470073699952,0,[0.6817 0.0025 0.0175 0.0614 0.2368],0,[0.9629 0.0019 0.0069 0.0109 0.0174],"{'aamiin': 'aamiin', 'semoga': 'Semoga', 'almarhum': 'almarhum', 'berpulang': 'berpulang', 'khusnul': 'khusnul', 'beliau': 'dia'}",0,0,1.2014,,,,,,,,,
2,"Selamat ulang tahun idolaku,masku sekaligus ebesku tercinta walaupun jarang ketemu tetep terselip doa untukmu semoga senantiasa diberi kesehatan,rezeki & kerendahan hati","Selamat ulang tahun idolaku,masku sekaligus ebesku tercinta walaupun jarang ketemu tetep terselip doa untukmu semoga senantiasa diberi kesehatan,rezeki & kerendahan hati",1.0,4,[0.0101 0.0016 0.172  0.0019 0.8144],4,[0.0101 0.0016 0.172  0.0019 0.8144],,4,4,0.19,,,,,,,,,
0,"[USERNAME] [USERNAME] [USERNAME] Orang-orang PSI itu termasuk juga si [USERNAME] adalah ""anak baru"" di dunia politik yang ingin cepat populer dengan cara memancing orang-orang yang sudah populer untuk ber-interaksi dengan mereka. Kasihan deh ...... ","[USERNAME] [USERNAME] [USERNAME] Orang-orang PSI itu termasuk juga si [USERNAME] adalah ""anak baru"" di dunia politik yang ingin cepat populer dengan cara memancing orang-orang yang sudah populer untuk ber-interaksi dengan mereka. Kasihan deh ...... ",1.0,1,[0.0404 0.9526 0.0018 0.0037 0.0015],1,[0.0404 0.9526 0.0018 0.0037 0.0015],,1,1,0.26,,,,,,,,,
3,"Tapi lebi goblo lagi pas Egi meninggal, pas masuk kelas mau pamit tementemen taunya yang gaada Mbak Sisil, uda pada syok keknya, ku yang mimbik-mimbik tapi pengen ngekek juga, ini aku yang goblo si","Tapi lebi goblo lagi pas Egi meninggal, pas masuk kelas mau pamit tementemen taunya yang gaada Mbak Sisil, uda pada syok keknya, ku yang mimbik-mimbik tapi pengen ngekek juga, ini aku yang goblo si",1.0,1,[4.570e-02 9.489e-01 1.700e-03 3.300e-03 5.000e-04],1,[4.570e-02 9.489e-01 1.700e-03 3.300e-03 5.000e-04],,0,0,0.22,,,,,,,,,
3,Ketika lo punya trust issues berlebihan terhadap sesuatu yg berbau cinta dan akhirnya cinta life lo gapernah berjalan mulus karena hanya penuh dengan ketidak percayaan.,Ketika lo punya trust issues berlebihan terhadap sesuatu yg berbau cinta dan akhirnya cinta life lo gapernah berjalan mulus karena hanya penuh dengan ketidak percayaan.,1.0,0,[0.793  0.0108 0.1459 0.0478 0.0025],0,[0.793  0.0108 0.1459 0.0478 0.0025],,0,0,0.24,,,,,,,,,
4,Bismillah.. Pagi2 semangat berolahraga plus memberikan layanan kesehatan Gratis.. carfreedaycirebon .,Pagi2 semangat berolahraga plus memberikan layanan kesehatan carfreedaycirebon,0.6660709381103516,4,[1.100e-03 3.000e-04 8.000e-04 9.000e-04 9.969e-01],4,[2.300e-03 9.000e-04 1.200e-03 1.200e-03 9.944e-01],"{'carfreedaycirebon': 'carfreedaycirebon', 'semangat': 'semangat', 'berolahraga': 'berolahraga'}",4,4,0.654,,,,,,,,,
1,"Nelfon cs [USERNAME] disuruh tunggu untuk buat pelaporan, 7 menit and still go on tanpa kabar dari cs, cuma disuruh tunggu. Ngapain? Lama banget. Aneh",Nelfon cs disuruh tunggu untuk buat 7 menit and still go on tanpa kabar dari cuma disuruh Lama Aneh,0.9278894662857056,1,[2.910e-02 9.673e-01 7.000e-04 1.800e-03 1.000e-03],1,[0.1404 0.8519 0.0013 0.0039 0.0027],"{'disuruh': 'disuruh', 'cs': 'cs', 'menit': 'menit', 'go': 'go', 'kabar': 'kabar', 'and': 'and', 'lama': 'panjang'}",1,1,0.6576,,,,,,,,,
3,di kantor baru ditantang bikin marketing plan dan harus bisa bikin co-branding sama bank biru. takut ga bisa. belum tau gimana strateginya. dan gue udah kepalang resign di kantor sekarang. ,di pejabat baru ditantang bikin marketing plan dan harus bisa bikin sama bank takut ga belum tahu bagaimana dan gue udah kepalang resign di pejabat,0.9480475187301636,3,[4.500e-03 2.000e-03 9.000e-04 9.908e-01 1.700e-03],3,[0.0395 0.0826 0.0018 0.8738 0.0023],"{'bank': 'bank', 'gimana': 'bagaimana', 'tau': 'tahu', 'marketing': 'marketing', 'bikin': 'bikin', 'kepalang': 'kepalang', 'kantor': 'pejabat', 'udah': 'udah'}",3,3,0.7702,,,,,,,,,
1,"[USERNAME] Ya Allah...apa2 kok yg disalahin pres [USERNAME] ... Kayak presiden kurang kerjaan ya gaes, urusin sebuah foto...hadweehhh. Tp apa penting to foto itu? Bukan 'jimat' to?",Ya kok yg disalahin pres Kayak presiden kurang kerjaan ya urusin sebuah Tp apa penting kepada foto Bukan,0.8798816204071045,1,[1.370e-02 9.845e-01 8.000e-04 6.000e-04 3.000e-04],1,[5.600e-03 9.927e-01 6.000e-04 6.000e-04 5.000e-04],"{'bukan': 'bukan', 'kerjaan': 'kerjaan', 'to': 'kepada', 'foto': 'foto', 'urusin': 'urusin', 'disalahin': 'disalahin', 'presiden': 'presiden'}",1,1,0.6081,,,,,,,,,
1,"Yth DP BPIP [USERNAME] Sangat berat menyandang gelar ""Pancasilais"".. Klo ""saya berusaha jadi Pancasilais"" itu baru oyeeee Seseorang bisa disebut ""Pancasilais"" bila dapat melaksanakan 36 butir nilai Pancasila dengan benar dan mendekati sempurna.","Yth DP BPIP [USERNAME] Sangat berat menyandang gelar ""Pancasilais"".. Klo ""saya berusaha jadi Pancasilais"" itu baru oyeeee Seseorang bisa disebut ""Pancasilais"" bila dapat melaksanakan 36 butir nilai Pancasila dengan benar dan mendekati sempurna.",1.0,0,[0.7247 0.0297 0.0089 0.14   0.0967],0,[0.7247 0.0297 0.0089 0.14   0.0967],,4,4,0.2,,,,,,,,,
2,[USERNAME] gue sayang banget banget banget kenapa ya kalo sama iKON baru kali ini rasanya ngestan yang bener bener sayang banget tapi kek kerasa disayaaaang balik banget sama merekanya. jadi aku makin sayang dan gabisa lepas. GIMANA JELASINNYA YA TAPI,saya sayang banget banget banget kenapa ya kalo sama iKON baru masa ini rasanya ngestan yang betul betul sayang banget tetapi kek kerasa disayaaaang balik banget sama jadi aku makin sayang dan gabisa GIMANA JELASINNYA YA TAPI,0.9569292068481444,2,[5.200e-03 1.400e-03 9.897e-01 3.100e-03 7.000e-04],2,[1.620e-02 3.100e-03 9.757e-01 4.600e-03 5.000e-04],"{'sayang': 'sayang', 'banget': 'banget', 'gabisa': 'gabisa', 'tapi': 'tetapi', 'disayaaaang': 'disayaaaang', 'kali': 'masa', 'ya': 'ya', 'bener': 'betul', 'kalo': 'kalo', 'gue': 'saya', 'ngestan': 'ngestan'}",2,2,0.8296,,,,,,,,,
4,"Terima kasih yak buat kakak* diJakarta n Surabaya yg udh luangin waktunya buat meetup.. hehehehee , so sekarang saatnya off , sampai ketemu akhir bulan ya di Balikpapan dan Denpasar... GBU all",Terima cinta baik buat diJakarta n Surabaya yg udh luangin waktunya buat hehehehee so sekarang saatnya off sampai ketemu akhir bulan ya di Balikpapan dan GBU all,0.9265496730804444,4,[8.000e-04 9.000e-04 1.800e-03 8.000e-04 9.957e-01],4,[1.400e-03 1.600e-03 4.300e-03 8.000e-04 9.919e-01],"{'gbu': 'gbu', 'all': 'all', 'hehehehee': 'hehehehee', 'luangin': 'luangin', 'yak': 'baik', 'kasih': 'cinta', 'terima': 'terima', 'balikpapan': 'balikpapan', 'dijakarta': 'dijakarta', 'ya': 'ya'}",4,4,0.6877,,,,,,,,,
4,Setuju pak jangan korupsi jadi anda tak takut bicara karena takut ditelanjangi dan berani bicara benar seperti bapak. [URL],Setuju pak jangan korupsi jadi anda tak takut bicara karena takut ditelanjangi dan berani bicara benar seperti bapak. [URL],1.0,3,[0.0105 0.0365 0.0034 0.8981 0.0515],3,[0.0105 0.0365 0.0034 0.8981 0.0515],,3,3,0.11,,,,,,,,,
2,"Apa itu cinta? . Cinta... Adalah Ali, ketika dia berbaring tidur menggantikan Rasulullah Saw di kasur Nabi, padahal dia tahu bahwa sekelompok orang telah berkumpul untuk membunuh Rasulullah Saw, dia juga tahu bahwa dia mungkin saja tewas di kasur yang sama!! .",Apa itu Adalah ketika dia berbaring tidur menggantikan Rasulullah Saw di kasur padahal dia tahu bahwa sekelompok orang telah berkumpul untuk membunuh Rasulullah dia juga tahu bahwa dia mungkin saja tewas di kasur yang,0.9604498744010924,2,[0.0069 0.002  0.982  0.0077 0.0013],3,[0.3831 0.018  0.0075 0.585  0.0065],{'orang': 'orang'},3,2,0.5179,,,,,,,,,
1,Pray for bla bla bla Save bla bla bla Emmm itu doa beneran ga? Apa cuma pansol? Taek! Soksokan iba tp apa? Ditanyain masalah yg lu ibakan aja kga tau!!! Ooo biar elu dibilang org paling care sedunia gitu? Hmm tp klo dunia maya yaaaa taek!,Pray for bla bla bla Save bla bla bla Emmm itu doa beneran ga? Apa cuma pansol? Taek! Soksokan iba tp apa? Ditanyain masalah yg lu ibakan aja kga tau!!! Ooo biar elu dibilang org paling care sedunia gitu? Hmm tp klo dunia maya yaaaa taek!,1.0,0,[0.7821 0.1992 0.0045 0.0114 0.0028],0,[0.7821 0.1992 0.0045 0.0114 0.0028],,0,0,0.13,,,,,,,,,
0,"Gabisa tidur! Males bongkarin, tidur pake jeans, berharap segera pagi. Pagi tiba, lgsg naik bus pertama yg lewat depan kos. dengan koper2ku. Sampe Malang dg kudu nangis. Takkusangka ada travel agent yg sedemikian busyuuk.",Gabisa Males tidur pake berharap segera Pagi lgsg naik bus pertama yg lewat depan dengan Sampe Malang dg mesti Takkusangka ada travel agent yg sedemikian,0.9181035161018372,0,[0.983  0.003  0.0015 0.0108 0.0017],0,[0.854  0.0039 0.0022 0.0445 0.0954],"{'gabisa': 'gabisa', 'pake': 'pake', 'kudu': 'mesti', 'males': 'males', 'lgsg': 'lgsg', 'tidur': 'tidur', 'pagi': 'pagi', 'dg': 'dg', 'yg': 'yg'}",4,0,0.5817,,,,,,,,,
1,[USERNAME] Nyerang fansite suruh take down semua foto pas konser. Sampe nyuruh fansite tutup aja. Kalo fansite tutup ya sumber atm mereka tutup juga lah hahaha.,Nyerang fansite suruh take turun semua foto pas Sampe nyuruh fansite tutup Kalo fansite tutup ya sumber atm mereka tutup juga lah,0.9151986837387084,1,[1.300e-03 9.972e-01 3.000e-04 7.000e-04 6.000e-04],1,[3.400e-03 9.943e-01 2.000e-04 1.400e-03 7.000e-04],"{'nyerang': 'nyerang', 'kalo': 'kalo', 'tutup': 'tutup', 'nyuruh': 'nyuruh', 'atm': 'atm', 'sumber': 'sumber', 'down': 'turun', 'fansite': 'fansite', 'foto': 'foto', 'ya': 'ya'}",1,1,0.7355,,,,,,,,,
2,"[USERNAME] gue juga gitu ke semua orang apalagi orangtua. makin hari makin tua dan gue gatau mereka sadar apa engga kalo gua sayang sama mereka. anjir payah bgt gaktuh gue tapi beda kalo ke kakak atau pacar (kalo lagi punya), ekspresiinnya lebih gampang","[USERNAME] gue juga gitu ke semua orang apalagi orangtua. makin hari makin tua dan gue gatau mereka sadar apa engga kalo gua sayang sama mereka. anjir payah bgt gaktuh gue tapi beda kalo ke kakak atau pacar (kalo lagi punya), ekspresiinnya lebih gampang",1.0,0,[0.8336 0.0055 0.1534 0.0053 0.0022],0,[0.8336 0.0055 0.1534 0.0053 0.0022],,2,2,0.2,,,,,,,,,
0,"Ngebahas travel sm si eman membuka luka lama.. dari serangkaian luka yg bisa dibuat agen travel dan oknum2nya, What the worst can happen to you?","Ngebahas travel sm si eman membuka luka lama.. dari serangkaian luka yg bisa dibuat agen travel dan oknum2nya, What the worst can happen to you?",1.0,1,[0.1288 0.4891 0.005  0.3742 0.0029],1,[0.1288 0.4891 0.005  0.3742 0.0029],,3,3,0.19,,,,,,,,,
1,"Jadi nomor yang hangus itu tdk bisa dipakai lagi atau disetting kembali di kartu baru min? *Maap nah min, masih kekeh pertanyaannya* [USERNAME]",Jadi nomor yang hangus itu tdk bisa dipakai lagi atau disetting kembali di kartu baru nah masih kekeh,0.9428797960281372,1,[0.2885 0.4542 0.0035 0.2281 0.0257],1,[2.290e-02 9.675e-01 9.000e-04 5.700e-03 3.000e-03],"{'kekeh': 'kekeh', 'hangus': 'hangus', 'nomor': 'nomor', 'kartu': 'kartu'}",1,0,0.6688,,,,,,,,,
4,"Untuk para sahabat dan guru #pakarkomunikasi neniyulianita dr ani dan teman teman akademisi ""Selamat Milad fikom_unisba ke 35"" semoga lulusan FIKOM UNISBA semakin berkualitas",Untuk para sahabat dan guru neniyulianita dr ani dan teman teman akademisi Milad ke Semoga lulusan FIKOM UNISBA semakin berkualitas,0.9600375890731812,4,[0.0049 0.0013 0.006  0.001  0.9868],4,[0.0066 0.0015 0.0046 0.0014 0.9859],"{'sahabat': 'sahabat', 'ani': 'ani', 'untuk': 'untuk', 'teman': 'teman', 'berkualitas': 'berkualitas', 'fikom': 'fikom', 'milad': 'milad', 'semoga': 'Semoga'}",4,4,1.1832,,,,,,,,,
0,"Turut berduka atas saudara yang terkena gempa di Lombok, semoga lekas membaik. Meskipun trauma yang terendap tak semudah itu menghilang dari dalam diri Aamiin ~",Turut berduka atas saudara yang terkena gempa di Semoga lekas Meskipun trauma yang terendap tak semudah itu menghilang dari dalam diri Aamiin,0.9569228887557985,0,[0.9295 0.0012 0.0082 0.0495 0.0117],0,[0.9532 0.0012 0.0043 0.0328 0.0085],"{'terendap': 'terendap', 'berduka': 'berduka', 'lekas': 'lekas', 'semoga': 'Semoga', 'semudah': 'semudah', 'turut': 'turut', 'saudara': 'saudara'}",0,0,0.7405,,,,,,,,,
1,"Semakin terang, semakin jelas betapa busuknya orang yang menjatuhkan & memenjarakan Ahok berkedok agama! Sesunguhnya mereka orang paling jahat setara setan iblis sebab agama pun dijadikan kedok mengelabui umat! Hanya orang2 dungu ",Semakin semakin jelas betapa busuknya orang yang menjatuhkan memenjarakan Ahok berkedok Sesunguhnya mereka orang paling jahat setara setan iblis sebab agama pun dijadikan kedok mengelabui Hanya orang2 dungu,0.9719101190567015,1,[1.700e-03 9.964e-01 4.000e-04 1.000e-03 4.000e-04],1,[2.10e-03 9.96e-01 4.00e-04 1.10e-03 4.00e-04],"{'ahok': 'ahok', 'dungu': 'dungu', 'busuknya': 'busuknya', 'orang': 'orang', 'semakin': 'semakin', 'menjatuhkan': 'menjatuhkan', 'betapa': 'betapa', 'jahat': 'jahat', 'iblis': 'iblis', 'setara': 'setara', 'setan': 'setan'}",1,1,0.8205,,,,,,,,,
3,"Untung ada aa2 berdua ngebantuin itu posisi di tengah2 gelap, sendiri, bener2 gaada siapa2 sampe nyalain senter hp takut ada org dan sejenis nyaaa",Untung ada aa2 berdua membantu itu posisi di tengah2 bener2 gaada siapa2 sampe nyalain senter hp takut ada org dan sejenis nyaaa,0.985274076461792,3,[3.300e-03 9.000e-04 1.900e-03 9.914e-01 2.500e-03],3,[0.0044 0.0013 0.0018 0.9891 0.0034],"{'nyaaa': 'nyaaa', 'takut': 'takut', 'hp': 'hp', 'ngebantuin': 'membantu', 'posisi': 'posisi', 'berdua': 'berdua', 'nyalain': 'nyalain', 'gaada': 'gaada'}",3,3,0.5997,,,,,,,,,
4,"Kalau tau ada libur panjang - selain lebaran - tuh rasanya pengen cepet gendong cerrier pake sepatu trus pergi, ketemu alam dan berdamai dengannya,",Kalau tahu ada libur panjang selain lebaran tuh rasanya pengen cepet gendong cerrier pake sepatu trus ketemu alam dan berdamai,0.9553550481796264,4,[0.1452 0.0037 0.1997 0.0062 0.6453],4,[0.0344 0.0027 0.0418 0.0029 0.9181],"{'cerrier': 'cerrier', 'ketemu': 'ketemu', 'tau': 'tahu', 'alam': 'alam', 'tuh': 'tuh', 'cepet': 'cepet', 'libur': 'libur', 'trus': 'trus', 'pake': 'pake'}",4,4,0.7573,,,,,,,,,
0,"iya, kamu laki-laki, sang pengambil keputusan. tapi kan aku juga ingin dianggap, diajak berdiskusi, dimintai pendapat, diajak mencari jalan keluar, atau sekadar ditenangkan kecemasannya. aku ini ada. jangan hidup sendiri. [USERNAME]","iya, kamu laki-laki, sang pengambil keputusan. tapi kan aku juga ingin dianggap, diajak berdiskusi, dimintai pendapat, diajak mencari jalan keluar, atau sekadar ditenangkan kecemasannya. aku ini ada. jangan hidup sendiri. [USERNAME]",1.0,2,[0.1678 0.0046 0.8006 0.0174 0.0096],2,[0.1678 0.0046 0.8006 0.0174 0.0096],,2,2,0.2,,,,,,,,,
0,"Nggada sinyal di rumah, membuatku banyak berfikir, berfikir doank tapi, pikiran ke mana mana, random.. Tapi pasti ada dia :(",Nggada sinyal di membuatku banyak berfikir doank pikiran ke mana Tapi pasti ada dia,0.9103286266326904,0,[0.7568 0.0022 0.1216 0.1019 0.0175],0,[0.6253 0.0038 0.1821 0.0913 0.0975],"{'pikiran': 'pikiran', 'nggada': 'nggada', 'doank': 'doank', 'tapi': 'tetapi'}",2,2,0.8154,,,,,,,,,
3,"[USERNAME] Anti bank bank club. Gue jadi kepo infonya dah Risen lo ja, makan duit riba tuh. Salah satu rekan kita, pria paling menawan sekampus ae berani memutuskan untuk risen biar ga makan duit riba ckck","[USERNAME] Anti bank bank club. Gue jadi kepo infonya dah Risen lo ja, makan duit riba tuh. Salah satu rekan kita, pria paling menawan sekampus ae berani memutuskan untuk risen biar ga makan duit riba ckck",1.0,1,[7.100e-03 9.785e-01 6.000e-04 1.030e-02 3.500e-03],1,[7.100e-03 9.785e-01 6.000e-04 1.030e-02 3.500e-03],,1,1,0.09,,,,,,,,,
4,"Selamat kepada kang Emil dan kang Uu atas amanah dari warga Jabar utk memimpin 5 tahun kedepan ... Tdk ada yang menang dan tdk ada yg kalah, yang ada adalah Warga menginginkan adanya",Selamat kepada kang Emil dan kang Uu atas amanah dari penduduk Jabar utk memimpin 5 tahun kedepan Tdk ada yang menang dan tdk ada yg yang ada adalah Warga menginginkan adanya,0.9943837523460388,4,[0.0105 0.0077 0.011  0.0018 0.969 ],4,[0.0423 0.0461 0.0245 0.0051 0.882 ],"{'selamat': 'selamat', 'warga': 'penduduk', 'emil': 'emil', 'memimpin': 'memimpin', 'jabar': 'jabar', 'kang': 'kang', 'kedepan': 'kedepan'}",4,4,0.7334,,,,,,,,,
3,"Un sd gatakut samsek, un smp mayan dah degdegan, un sma panik panik ajaib. Eh pas udah sampe tugas akhir tbtb kepikiran semuanya. Ngeri ga luluslah daftar sidang kapanlah abis lulus kerja dimana lah. Yaampon",Un sd gatakut un smp mayan dah un sma panik panik Eh pas udah sampe tugas akhir tbtb fikir Ngeri ga Bergraduat daftar sidang kapanlah abis lulus kerja dimana Yaampon,0.9469094276428224,3,[3.80e-03 9.00e-04 1.00e-03 9.93e-01 1.40e-03],3,[6.0e-03 2.0e-03 9.0e-04 9.9e-01 1.1e-03],"{'ngeri': 'menakutkan', 'yaampon': 'yaampon', 'tbtb': 'tbtb', 'udah': 'udah', 'sma': 'sma', 'un': 'un', 'kerja': 'kerja', 'ga': 'ga', 'luluslah': 'Bergraduat', 'panik': 'panik', 'kepikiran': 'fikir', 'daftar': 'daftar', 'dimana': 'dimana', 'sidang': 'sidang', 'sampe': 'sampe'}",3,3,0.7426,,,,,,,,,
4,"[USERNAME] No no no jangan gitu dongss~ tiap org tu punya pesonanya masing2, mungkin kamu menganggap dirimu tydack cantik tp orang mengganggap kamu cantik dr sudut perspektif mereka & cantik tu ga mesti dari luar uwu","[USERNAME] No no no jangan gitu dongss~ tiap org tu punya pesonanya masing2, mungkin kamu menganggap dirimu tydack cantik tp orang mengganggap kamu cantik dr sudut perspektif mereka & cantik tu ga mesti dari luar uwu",1.0,0,[0.9204 0.0242 0.0144 0.0086 0.0324],0,[0.9204 0.0242 0.0144 0.0086 0.0324],,0,0,0.2,,,,,,,,,
1,Tak tahu. Fine. Tapi kalo selalu bilang tak tahu kok jadinya seperti nggak ngerti atau cari aman ? Ah SUdahlah. . . Maju kotanya Bahagia warganya,Tak Tapi kalo selalu katakan tak tahu kok jadinya seperti nggak ngerti atau cari selamat Ah Maju kotanya Bahagia warganya,0.9596936106681824,1,[0.2239 0.7427 0.0027 0.0146 0.0161],1,[0.3774 0.5742 0.0067 0.017  0.0246],"{'cari': 'cari', 'bilang': 'katakan', 'kalo': 'kalo', 'aman': 'selamat', 'maju': 'maju', 'tapi': 'tetapi', 'warganya': 'warganya'}",0,0,0.7177,,,,,,,,,
0,"bangun bangun ngeliat post an jay kek gitu... belom kerasa sakitnya nih. ntar liat aja pas malem malem, gua ngeratapin fotonya sekaligus mau nangis pasti.",bangun bangun ngeliat post an jay kek belom kerasa sakitnya ntar liat aja pas malem gua Ratapan fotonya sekaligus mau nangis,0.9371737241744996,0,[0.6404 0.1188 0.0036 0.2341 0.0031],0,[0.7978 0.0559 0.0031 0.1389 0.0043],"{'bangun': 'bangun', 'nangis': 'nangis', 'post': 'post', 'an': 'an', 'jay': 'jay', 'kerasa': 'kerasa', 'ngeratapin': 'Ratapan', 'sakitnya': 'sakitnya', 'belom': 'belom', 'ngeliat': 'ngeliat'}",0,3,0.686,,,,,,,,,
0,"Ada yang hancur karena sifat sombong, ada juga yang hancur karena ditinggalin pas lagi sayang-sayangnya",Ada yang hancur karena sifat ada juga yang hancur karena ditinggalin pas lagi,0.9893152117729188,0,[0.9655 0.0048 0.0237 0.0049 0.0011],0,[0.9579 0.0089 0.0216 0.0054 0.0062],"{'sifat': 'sifat', 'hancur': 'hancur'}",0,0,0.7122,,,,,,,,,
3,aku cantik loh pacarnya acong jangan ganggu ganggu ya,aku cantik loh pacarnya acong jangan ganggu ganggu ya,1.0,2,[0.0135 0.0088 0.7229 0.0041 0.2507],2,[0.0135 0.0088 0.7229 0.0041 0.2507],,2,2,0.2,,,,,,,,,
0,"Diobral"". Pada jomblo semua nih. Dua depan baru pada putus, satu belakang dah gk tahu dari kapan jomblonya. with [USERNAME] dan satu lagi katanya gk mau di mantion. [URL]","Diobral"". Pada jomblo semua nih. Dua depan baru pada putus, satu belakang dah gk tahu dari kapan jomblonya. with [USERNAME] dan satu lagi katanya gk mau di mantion. [URL]",1.0,1,[4.160e-02 9.555e-01 8.000e-04 1.500e-03 6.000e-04],1,[4.160e-02 9.555e-01 8.000e-04 1.500e-03 6.000e-04],,1,1,0.26,,,,,,,,,
3,"Pria ini seram juga ya, selain ekspresinya seram tutur kata yang keluar juga sangat menohok. Ah baiklah-baiklah etto iie Juvia hanya memastikan kalau tidak salah orang",Pria ini seram juga selain ekspresinya seram tutur kata yang keluar juga sangat Ah etto iie Juvia hanya memastikan kalau tidak salah orang,0.9842044115066528,3,[0.0162 0.0024 0.0078 0.9695 0.0041],3,[0.0123 0.005  0.0039 0.9759 0.0029],"{'orang': 'orang', 'seram': 'seram', 'etto': 'etto', 'iie': 'iie', 'ekspresinya': 'ekspresinya', 'ah': 'ah'}",3,3,0.6765,,,,,,,,,
2,"Seperti yang kamu tau, seperti yang sudah saya bilang. Saya jatuh hati sama kamu karena jawaban-jawaban yang kamu kasih sewaktu main truth or truth. Jatuh cinta sesimpel itu? I think yess. Because you're so special. Yaudah, enggak usah malu malu gitu ah. [URL]",Seperti yang kamu seperti yang sudah saya Saya jatuh hati sama kamu karena yang kamu cinta sewaktu main truth or Jatuh cinta sesimpel I think Because so enggak usah malu malu gitu,0.9546271562576294,2,[1.600e-03 5.000e-04 9.951e-01 1.100e-03 1.700e-03],2,[1.600e-03 8.000e-04 9.956e-01 6.000e-04 1.500e-03],"{'jatuh': 'jatuh', 'gitu': 'gitu', 'cinta': 'cinta', 'sesimpel': 'sesimpel', 'hati': 'hati', 'saya': 'saya', 'main': 'main', 'or': 'or', 'kasih': 'cinta', 'malu': 'malu'}",2,2,0.8446,,,,,,,,,
3,"Ada khabar kasus tuduhan chat mesum terhadap Imam Besar Habib Rizieq sdh dihentikan, mohon bantu doa semoga benar adanya. Semoga kesucian Ramadhan membuka mata hati bapak2 kita yg menyidik.amin",Ada khabar kasus tuduhan chat mesum terhadap Imam Besar Habib Rizieq sdh mohon bantu doa Semoga benar Semoga kesucian Ramadhan membuka mata hati bapak2 kita yg,0.9896080493927002,3,[0.0685 0.0043 0.0039 0.915  0.0083],3,[0.205  0.0161 0.0058 0.764  0.009 ],"{'ada': 'ada', 'semoga': 'Semoga', 'khabar': 'khabar', 'mohon': 'mohon', 'yg': 'yg', 'rizieq': 'rizieq', 'bantu': 'bantu', 'imam': 'imam', 'mata': 'mata', 'besar': 'besar', 'kesucian': 'kesucian', 'mesum': 'mesum'}",3,3,0.7404,,,,,,,,,
4,"Namanya juga perasaan, gabisa dibohongin, karena biasanya yang bikin jatuh cinta dan yang bikin nyaman itu orangnya beda, cewe sama cowo misalnya :) Selamat sore, jangan lupa minum :) Minum yakult tiap hari [URL]","Namanya juga perasaan, gabisa dibohongin, karena biasanya yang bikin jatuh cinta dan yang bikin nyaman itu orangnya beda, cewe sama cowo misalnya :) Selamat sore, jangan lupa minum :) Minum yakult tiap hari [URL]",1.0,2,[1.600e-03 6.000e-04 9.937e-01 1.300e-03 2.800e-03],2,[1.600e-03 6.000e-04 9.937e-01 1.300e-03 2.800e-03],,2,2,0.19,,,,,,,,,
0,Berhari-hari tidur jam 1 jam 2 terus. Kayaknya emang bawaan aja ngga bisa tidur cepet ga tau kenapa padahal cape tapi gedebugan doang ngga bisa tidur,tidur jam 1 jam 2 Kayaknya emang bawaan aja ngga bisa tidur cepet ga tahu kenapa padahal penat tapi bang sahaja ngga bisa tidur,0.931040585041046,0,[0.971  0.0047 0.0012 0.0204 0.0027],0,[0.9736 0.0041 0.0019 0.0161 0.0043],"{'tidur': 'tidur', 'jam': 'jam', 'emang': 'emang', 'cape': 'penat', 'gedebugan': 'bang', 'doang': 'sahaja', 'ngga': 'ngga', 'tau': 'tahu'}",0,0,0.7,,,,,,,,,
4,"tapiii efeknya baru kerasa sekarang :"") mukaku jadi tipe muka yang less problem gt hehe yang kalo jerawatan cuma pas pms doang kalopun lg breakout ilangnya cepet padahal cm dibiarin doang dan ga minyakan :"")",tapiii efeknya baru kerasa sekarang mukaku jadi tipe muka yang less problem gt hehe yang kalo jerawatan cuma pas pms sahaja kalopun lg breakout ilangnya cepet padahal cm dibiarin sahaja dan ga minyakan,0.9789631366729736,4,[0.1946 0.0029 0.0586 0.022  0.7219],4,[0.0679 0.0031 0.0686 0.0131 0.8473],"{'less': 'less', 'problem': 'problem', 'muka': 'muka', 'minyakan': 'minyakan', 'ga': 'ga', 'cepet': 'cepet', 'hehe': 'hehe', 'pms': 'pms', 'gt': 'gt', 'doang': 'sahaja', 'cm': 'cm', 'lg': 'lg', 'efeknya': 'efeknya', 'breakout': 'breakout'}",4,4,0.7808,,,,,,,,,
4,"Precious feeling gue bener pasti dapet rappline. Pas, buka ehh beneran dapet mas namjoon sama koh yoong seneng banget aku tuh",Precious feeling saya bener pasti dapet buka ehh serius dapet mas namjoon sama koh yoong seneng banget aku tuh,0.9490188360214232,4,[1.200e-03 6.000e-04 3.900e-03 1.900e-03 9.924e-01],4,[1.700e-03 9.000e-04 4.200e-03 1.900e-03 9.913e-01],"{'seneng': 'seneng', 'tuh': 'tuh', 'mas': 'mas', 'koh': 'koh', 'precious': 'precious', 'gue': 'saya', 'beneran': 'serius', 'buka': 'buka', 'yoong': 'yoong'}",4,4,0.7214,,,,,,,,,
4,"Dulu nisanya masih cimit-cimit gak ngerti arti effort... Tapi sekarang, klean semuah membuatkuh bangga!!! Apalagi yang baru-baru pada lulus skrng pen bgt disembur satu-satu pake jampe-jampe buat selalu terjaga semangat berjuang ditengah badai2 kehidupan nantinya!",Dulu nisanya masih gak ngerti arti Tapi klean semuah membuatkuh Apalagi yang pada lulus skrng pen bgt disembur pake buat selalu terjaga semangat berjuang ditengah badai2 kehidupan,0.956550121307373,4,[0.0091 0.0012 0.0407 0.0032 0.9457],0,[0.7532 0.0033 0.0724 0.0089 0.1623],"{'disembur': 'disembur', 'semuah': 'semuah', 'pen': 'pen'}",4,4,0.705,,,,,,,,,
3,"serem,baru buka fb eh ada notif banyak bener ini cowo ngelike semua2nya dari awal w buat fb sampe sekarang :) terus ngechat2 ga jelas,please leave me alone",buka fb eh ada notif banyak bener ini cowo ngelike semua2nya dari awal w buat fb sampe sekarang terus ngechat2 ga leave me alone,0.99345064163208,3,[0.0032 0.0024 0.0016 0.9911 0.0017],4,[0.0056 0.0062 0.0065 0.0012 0.9805],{},4,3,0.7884,,,,,,,,,
2,"sayang banget sama SM, ya habisnya bisa nemu jaemin. coba kalo dulu jaemin ga di rekrut, mungkin aku tidak bisa menikmati senyumnya yang indah. CIAAAAAAAAA",sayang banget sama ya habisnya bisa nemu coba kalo dulu jaemin ga di mungkin aku tidak bisa menikmati senyumnya yang CIAAAAAAAAA,0.9677826166152954,2,[1.10e-03 6.00e-04 9.94e-01 5.00e-04 3.70e-03],2,[2.100e-03 6.000e-04 9.937e-01 7.000e-04 2.800e-03],"{'senyumnya': 'senyumnya', 'jaemin': 'jaemin', 'coba': 'coba', 'ga': 'ga', 'ciaaaaaaaaa': 'ciaaaaaaaaaaaa', 'habisnya': 'habisnya'}",2,2,0.7253,,,,,,,,,
0,"ter-oon emang ada yang 540 kenapa download yang 720 sihhh. Abis kan 1GB, padahal buat download about time eps 06 sama miss hammburabi eps 06 juga","ter-oon emang ada yang 540 kenapa download yang 720 sihhh. Abis kan 1GB, padahal buat download about time eps 06 sama miss hammburabi eps 06 juga",1.0,1,[4.990e-02 9.422e-01 7.000e-04 5.200e-03 1.900e-03],1,[4.990e-02 9.422e-01 7.000e-04 5.200e-03 1.900e-03],,1,1,0.2,,,,,,,,,
3,"[USERNAME] Lagi main di rumah temen tuh. Pas pipis liat cd udah merah gitu. Langsung izin pulang bilangnya mendadak sakit Pas sampe rumah bilang, ""itu""kakak berdarah mah. Takut. Soalnya emang pas main jatuh. Pas diliat dibilang mens. Hue besoknya pe",Lagi main di rumah temen Pas pipis liat cd udah merah Langsung kebenaran pulang bilangnya mendadak sakit Pas sampe rumah berdarah Soalnya emang pas main Pas dilihat dibilang Hue besoknya pe,0.9161059856414796,3,[0.0052 0.0012 0.0017 0.9906 0.0013],3,[0.1881 0.0107 0.0058 0.7918 0.0035],"{'pe': 'pe', 'merah': 'merah', 'pas': 'pas', 'soalnya': 'soalnya', 'besoknya': 'besoknya', 'rumah': 'rumah', 'liat': 'liat', 'main': 'main', 'izin': 'kebenaran', 'lagi': 'lagi', 'diliat': 'dilihat', 'langsung': 'langsung', 'udah': 'udah', 'berdarah': 'berdarah', 'pipis': 'pipis'}",3,3,0.6977,,,,,,,,,
1,"[USERNAME] monggo di perbaiki, KRL jurusan bekasi, cikarang, Bogor, tanah abang, memang seperti hutan, siapa kuat dia yang menang. Cc [USERNAME] [USERNAME] [USERNAME] [URL]","[USERNAME] monggo di perbaiki, KRL jurusan bekasi, cikarang, Bogor, tanah abang, memang seperti hutan, siapa kuat dia yang menang. Cc [USERNAME] [USERNAME] [USERNAME] [URL]",1.0,4,[0.2901 0.0331 0.0089 0.0159 0.6521],4,[0.2901 0.0331 0.0089 0.0159 0.6521],,4,4,0.22,,,,,,,,,
1,[USERNAME] [USERNAME] [USERNAME] [USERNAME] [USERNAME] [USERNAME] [USERNAME] [USERNAME] [USERNAME] [USERNAME] [USERNAME] Udah bosan hidup bebas kali ya...minta ditangkap dan dipenjara..tunggu saja,Udah bosan hidup bebas masa ditangkap dan saja,0.2174325138330459,1,[5.400e-03 9.922e-01 7.000e-04 8.000e-04 9.000e-04],1,[0.0251 0.9672 0.0011 0.0045 0.0022],"{'ditangkap': 'ditangkap', 'kali': 'masa', 'udah': 'udah'}",1,1,0.6696,,,,,,,,,
4,"Panjang umur, murah rezeki dengan silaturrahmi. #BukberMendesa [USERNAME] [USERNAME] [USERNAME] [USERNAME] [USERNAME] [USERNAME] [URL]",Panjang murah rezeki dengan,0.1857190728187561,4,[3.500e-03 1.200e-03 2.300e-03 8.000e-04 9.922e-01],4,[0.0129 0.0075 0.0085 0.018  0.9531],{'rezeki': 'rezeki'},4,4,0.6556,,,,,,,,,
4,"Alhamdulillahi Rabbil 'alamin.. Terimakasih atas segenap dukungan dan doa semua keluarga dan kerabat, telah lahir putra kami hari ini 9 Juli 2018 pukul 9.28 dengan berat 3,55Kg @ Rumah [URL]",Alhamdulillahi Rabbil Terimakasih atas segenap dukungan dan doa semua keluarga dan telah lahir putra kami hari ini 9 Juli 2018 pukul dengan berat Rumah,0.9602091312408448,4,[0.0044 0.0011 0.0099 0.004  0.9806],4,[0.0293 0.003  0.0142 0.0061 0.9474],"{'rumah': 'rumah', 'alhamdulillahi': 'alhamdulillah', 'terimakasih': 'terimakasih', 'keluarga': 'keluarga', 'dukungan': 'dukungan', 'segenap': 'segenap', 'doa': 'doa'}",4,4,1.1558,,,,,,,,,
4,#SalamSaum #SobaTani Ekspor komoditas perkebunan kita naik 26.5 % dari Tahun 2016 sd 2017. Keren buat #PetaniKita,Ekspor komoditas perkebunan kita naik dari Tahun 2016 SD Keren buat,0.9067426919937134,4,[0.0016 0.0011 0.0021 0.0012 0.994 ],4,[0.0257 0.0112 0.0054 0.0038 0.954 ],"{'tahun': 'tahun', 'ekspor': 'eksport', 'perkebunan': 'perkebunan', 'sd': 'SD'}",4,4,0.6755,,,,,,,,,
2,"Cinta yang baik juga harus bisa membuatmu menjadi lebih baik dari sebelumnya. Bila cintamu membuat hidupmu lebih buruk, maka jangan takut untuk melepaskannya pergi.",Cinta yang baik juga harus bisa membuatmu menjadi lebih baik dari Bila cintamu membuat hidupmu lebih maka jangan takut untuk melepaskannya,0.9857522249221802,2,[4.400e-03 1.500e-03 9.908e-01 2.700e-03 6.000e-04],2,[3.400e-03 1.200e-03 9.933e-01 1.200e-03 9.000e-04],"{'takut': 'takut', 'hidupmu': 'hidupmu', 'cintamu': 'cintamu', 'cinta': 'cinta'}",2,2,0.6995,,,,,,,,,
4,"[USERNAME] [USERNAME] Kirim salam buat @8rianna_ Pergi berlibur membeli celana, kuping sakit karena berisik, lihat ini sahur ada Brianna, walaupun kepala pusing jadi tetep asik. #IniSahurTIKETCOMHariKe20",Kirim salam buat Pergi berlibur membeli kuping sakit karena lihat ini sahur ada walaupun kepala pusing jadi tinggal,0.8175299763679504,4,[1.100e-03 4.000e-04 5.400e-03 7.000e-04 9.924e-01],4,[0.0495 0.0014 0.0071 0.0068 0.9353],"{'kepala': 'kepala', 'salam': 'salam', 'pergi': 'pergi', 'pusing': 'pusing', 'tetep': 'tinggal', 'membeli': 'membeli'}",4,4,0.7768,,,,,,,,,
4,"Saya dapat surga dunia dikamar, serasa beneran dapat surga akhirat. Itu semua karena wifi. Terima kasih telkom. Suasananya bener2 surgaaaaa. Saya mau surga dunia saya ini kayak gini disurga akhirat. Enaaak. Saya udh pakai ratusan kali wifi di rumah. Pakai ya semua warga Indonesia",Saya dapat surga dunia serasa serius dapat surga Itu semua karena Terima cinta Suasananya bener2 Saya mau surga dunia saya ini kayak gini disurga Saya Sudah pakai ratusan masa wifi di Pakai ya semua penduduk Indonesia,0.937904953956604,4,[0.0014 0.0027 0.0023 0.0014 0.9922],4,[0.0244 0.0327 0.0766 0.0077 0.8587],"{'wifi': 'wifi', 'ya': 'ya', 'kali': 'masa', 'terima': 'terima', 'indonesia': 'Indonesia', 'warga': 'penduduk', 'saya': 'saya', 'gini': 'gini', 'beneran': 'serius', 'udh': 'Sudah', 'kasih': 'cinta', 'ratusan': 'ratusan', 'suasananya': 'suasana', 'dunia': 'dunia'}",4,4,0.9901,,,,,,,,,
2,"Oppa yang sekarang... Tetep sama! Selalu dengerin curhatan aku, tentang hal-hal gak penting bahkan sampe yang penting banget. Sayang sama aku, dan lebih hati-hati sama sekitar. Pertahankan",Oppa yang Tetep Selalu dengar curhatan tentang gak penting bahkan sampe yang penting Sayang sama dan lebih sama Pertahankan,0.9330648183822632,2,[1.400e-03 7.000e-04 9.931e-01 9.000e-04 3.900e-03],2,[0.0434 0.0083 0.8808 0.0066 0.0609],"{'sayang': 'sayang', 'tetep': 'tinggal', 'selalu': 'sentiasa', 'dengerin': 'dengar', 'pertahankan': 'pertahankan'}",2,2,0.768,,,,,,,,,
1,"[USERNAME] [USERNAME] RejimPANIK? - Ulama kami kalian kriminalisasi, saudara kami kalian bacok, rumah sahabat kami kalian lempar bom, mobil bunda kami kalian bakar...maunya apa sih? Kami tidak akan takut, apalagi mundur.. #2019GantiPresiden",Ulama kami kalian saudara kami kalian rumah sahabat kami kalian lempar mobil bunda kami kalian apa Kami tidak akan apalagi,0.9445759654045104,1,[1.400e-03 9.965e-01 9.000e-04 8.000e-04 5.000e-04],1,[0.0309 0.9622 0.0037 0.0019 0.0013],"{'lempar': 'lempar', 'mobil': 'mobil', 'ulama': 'ulama', 'kami': 'kami'}",1,1,0.7017,,,,,,,,,
0,"Innalillahi wainna ilaihi roji'un Pak Undang Dasuki, salah satu dosen terbaik telah berpulang. Semangatnya harus bisa ditiru oleh siapapun yang mengenalnya.",Innalillahi wainna ilaihi Pak Undang salah satu dosen terbaik telah Semangatnya harus bisa ditiru oleh siapapun yang,0.9625304937362672,0,[0.9833 0.0018 0.004  0.0043 0.0067],0,[0.9816 0.0059 0.0029 0.0044 0.0051],"{'pak': 'Tuan', 'terbaik': 'terbaik', 'wainna': 'wainna', 'semangatnya': 'semangat', 'salah': 'salah'}",0,0,1.5635,,,,,,,,,
1, lhahhh kok gtu? mau dpet duitnya tp ga ngerjain kerjanya org lama pc situ kah? ga enak ketua pc nya. mentang2 kamu baru digituin ya. sabar2 ra. senyumin aja,lhahhh kok mau dpet duitnya tp ga ngerjain kerjanya org lama pc situ ga enak ketua pc mentang2 kamu baru digituin sabar2 senyumin aja,0.9611319303512572,1,[3.600e-03 9.953e-01 3.000e-04 6.000e-04 2.000e-04],1,[9.800e-03 9.884e-01 5.000e-04 7.000e-04 6.000e-04],"{'lhahhh': 'lhahhh', 'aja': 'aja', 'tp': 'tp', 'digituin': 'digituin', 'ketua': 'ketua', 'situ': 'situ', 'duitnya': 'duitnya', 'kerjanya': 'kerjanya', 'org': 'org', 'dpet': 'dpet'}",1,1,0.7349,,,,,,,,,
3,"Mana adaaaa, eh ada ding tapi nggak ah, takut disini daerah rawan. Kalau keluar malem aja, pulangnya dianterin rame2 saking rawannya",Mana eh ada ding tapi nggak takut disini kawasan Kalau keluar malam pulangnya dianterin rame2 saking rawannya,0.9340872764587402,3,[0.0019 0.0011 0.0016 0.9932 0.0022],3,[0.002  0.0022 0.0015 0.9898 0.0045],"{'rawannya': 'rawannya', 'takut': 'takut', 'daerah': 'kawasan', 'eh': 'eh', 'mana': 'mana', 'malem': 'malam', 'ding': 'ding'}",3,3,0.645,,,,,,,,,
3,"[USERNAME] Sebelumnya saya bayar pakai tokopedia, dan di laporannya tercantum kode iuran 9180 sekian-sekian.. apakah yang dimaksud kode iuran adalah nomer itu?","[USERNAME] Sebelumnya saya bayar pakai tokopedia, dan di laporannya tercantum kode iuran 9180 sekian-sekian.. apakah yang dimaksud kode iuran adalah nomer itu?",1.0,1,[0.1062 0.7533 0.0017 0.133  0.0058],1,[0.1062 0.7533 0.0017 0.133  0.0058],,3,3,0.21,,,,,,,,,
0,"Ramadhan udah masuk hari yang ke-20 aja. tapi saya? masih gini gini aja, ga ada perubahan. padahal gatau taun depan saya masih ada apa ngga buat ketemu sama ramadhan #IslahDiri",Ramadhan udah masuk hari yang tapi masih gini gini ga ada padahal gatau taun depan saya masih ada apa ngga buat ketemu sama ramadhan,0.9664980173110962,0,[0.9832 0.0012 0.0017 0.0074 0.0064],0,[0.9761 0.0049 0.003  0.0091 0.0068],"{'gini': 'gini', 'gatau': 'gatau', 'ga': 'ga', 'udah': 'udah', 'ramadhan': 'ramadhan'}",0,0,0.7241,,,,,,,,,
0,"kalo gue sik emang abis kehilangan seseorang yang deket, ya bisa dibilang cuman tahap bangunin sahur-zone lah, ahhhhhhh sial, tayo tayo!!! bener apa kata u bang emang jadi gila.",kalo saya rindu emang abis kehilangan seseorang yang ya bisa dibilang cuman tahap bangunin ahhhhhhh tayo bener apa kata u bang emang jadi,0.9474447965621948,0,[9.799e-01 1.160e-02 1.500e-03 6.500e-03 5.000e-04],0,[9.897e-01 1.900e-03 4.900e-03 2.600e-03 9.000e-04],"{'kehilangan': 'kehilangan', 'abis': 'abis', 'gue': 'saya', 'bang': 'bang', 'sik': 'rindu', 'tahap': 'tahap', 'bangunin': 'bangunin', 'u': 'u', 'kalo': 'kalo', 'emang': 'emang'}",0,0,0.7319,,,,,,,,,
3,"aku dong malem ini checkup darah,, ok warning untuk tensi dan kolesterol ..terus kenapa pusingnya ya dok ??spertinya gejala maag ..oh gitu tp aku ngetik ini sambil nyruput kopi",aku dong malam ini checkup ok warning untuk tensi dan kolesterol kenapa pusingnya ya dok gejala maag gitu tp aku ngetik ini sambil nyruput kopi,0.9742765426635742,3,[0.1395 0.004  0.0031 0.8508 0.0026],3,[0.2475 0.0054 0.0028 0.741  0.0033],"{'pusingnya': 'pusingnya', 'gitu': 'gitu', 'dok': 'dok', 'ya': 'ya', 'malem': 'malam', 'kolesterol': 'kolesterol', 'gejala': 'gejala', 'warning': 'warning', 'checkup': 'checkup'}",3,3,0.734,,,,,,,,,
1,Dan besok musti pagi2 tangsel-bogor.. Dan (lagi) gabisa ngtap pake emoney etc. Dan (lagi) harus pake antri beli tiket kertas DAN (LAGI) BESOK SENIN,Dan besok musti pagi2 tangsel-bogor.. Dan (lagi) gabisa ngtap pake emoney etc. Dan (lagi) harus pake antri beli tiket kertas DAN (LAGI) BESOK SENIN,1.0,0,[0.9386 0.0083 0.0014 0.0457 0.006 ],0,[0.9386 0.0083 0.0014 0.0457 0.006 ],,0,0,0.19,,,,,,,,,
4,"Pelayaran Aman, Selamat, Tertib dan Nyaman Pastinya ! Repost [USERNAME] [USERNAME] [USERNAME] #mudikbarengguyubrukun2018 #kawulamoda #lebaran2018 [URL]",Pelayaran Tertib dan Nyaman Pastinya Repost,0.4278411567211151,4,[2.800e-03 8.000e-04 1.200e-03 8.000e-04 9.944e-01],4,[0.0203 0.0055 0.0076 0.0035 0.963 ],"{'pastinya': 'pastinya', 'pelayaran': 'pelayaran', 'nyaman': 'selesa'}",4,4,0.7043,,,,,,,,,
