text,sentiment,perturbed_text,perturbed_semantic_sim,pred_label,pred_proba,perturbed_label,perturbed_proba,translated_word(s),adv_pred,adv_pred_on_orig,running_time(s),before_attack_acc,after_attack_acc,avg_semantic_sim,avg_running_time(s),adv_training,delta_acc,delta_adv,acc_adv_training_on_orig,best_epoch
"kemarin gue datang ke tempat makan baru yang ada di dago atas . gue kira makanan nya enak karena harga nya mahal . ternyata , boro-boro . tidak mau lagi deh ke tempat itu . sudah mana tempat nya juga tidak nyaman banget , terlalu sempit .",2,kemarin gue datang ke tempat makan baru yang ada di dago atas gue kira makanan nya enak karena prezzo nya mahal ternyata tidak mau lagi ok ke tempat itu sudah mana tempat nya juga tidak nyaman banget terlalu sempit,0.9923241138458252,2,[0.0448 0.0016 0.9536],2,[0.1102 0.0029 0.8869],"{'mahal': 'mahal', 'deh': 'ok', 'harga': 'prezzo'}",2,0,0.642,0.914,0.878,0.9873575662374496,0.3227029999999999,0.94,0.03600000000000003,-0.061999999999999944,0.75,11.0
"kayak nya sih gue tidak akan mau balik lagi ke tempat itu . gila , ya , gue enggak ngerti kenapa tempat nya dibiarkan panas . sudah begitu kotor pula . kalau panas kepanasan , kalau hujan kehujanan . harus nya sih tidak ada restoran yang kayak gitu . tidak tahu deh apa yang mereka jual .",2,kayak nya sih gue tidak akan mau balik lagi ke tempat itu gila ya gue enggak ngerti kenapa tempat nya dibiarkan piccante sudah begitu kotor pula kalau piccante kepanasan kalau hujan kehujanan harus nya sih tidak ada restoran yang kayak gitu tidak tahu deh apa yang mereka jual,0.996714174747467,2,[0.0166 0.0011 0.9823],2,[0.0257 0.0019 0.9724],"{'gila': 'gila', 'dibiarkan': 'dibiarkan', 'kepanasan': 'kepanasan', 'panas': 'piccante'}",2,0,0.3007,,,,,,,,,
"kalau dipikir-pikir , sebenarnya tidak ada yang bisa dibanggakan dari jokowi . pertama , dia tidak bisa nepatin janji . kedua , kerjaan nya selalu pencitraan . ketiga , dia tidak pro rakyat . sudahlah . ku sudah terlanjur kecewa .",2,kalau sebenarnya tidak ada yang bisa dibanggakan dari jokowi pertama dia tidak bisa nepatin janji kedua kerjaan nya selalu pencitraan ketiga dia tidak pro rakyat sudahlah ku sudah terlanjur kecewa,0.9936076402664183,2,[0.0075 0.0012 0.9913],2,[0.0107 0.0018 0.9875],"{'rakyat': 'rakyat', 'ketiga': 'ketiga'}",2,0,0.2395,,,,,,,,,
"ini pertama kalinya gua ke bank buat ngurusin pembuatan rekening baru . nama nya juga orang pertama kali ya baru ke bank , gua kena semprot . kelihatan banget pelayanan pelanggan - nya tidak suka gua banyak bertanya . amit-amit . padahal itu kan tugas mereka buat melayangkan gua !",2,ini pertama kalinya gua ke bank buat ngurusin pembuatan rekening baru nama nya juga orang pertama kali ya baru ke bank gua kena semprot kelihatan banget pelayanan pelanggan nya tidak suka gua banyak bertanya padahal itu kan tugas mereka buat melayangkan gua,0.9985857009887696,2,[0.0077 0.0012 0.9911],2,[0.0149 0.0018 0.9833],"{'semprot': 'semprot', 'suka': 'suka', 'ngurusin': 'ngurusin', 'kena': 'kena'}",2,0,0.293,,,,,,,,,
"waktu sampai dengan gue pernah disuruh ibu latihan karate . kata nya biar gue bisa melawan penjahat kalau ada laki-laki iseng , tapi di hari pertama latihan , kaki gue langsung cedera . jadilah sekarang trauma dan tidak mau sekali-sekali buat latihan karate lagi .",2,waktu sampai dengan gue pernah disuruh ibu latihan karate kata nya biar gue bisa melawan penjahat kalau ada iseng tapi di hari pertama latihan kaki gue langsung cedera jadilah sekarang trauma dan tidak mau buat latihan karate lagi,0.995985209941864,2,[0.0102 0.005  0.9848],2,[0.0275 0.0378 0.9347],"{'trauma': 'trauma', 'langsung': 'langsung', 'cedera': 'cedera'}",2,0,0.3038,,,,,,,,,
pelayanan di hotel salak bogor tidak sebagus yang gue membayangkan . fasilitas nya juga biasa banget padahal kata nya hotel bintang lima . hm . kecewa . kayak nya sih nanti-nanti tidak mau ke sana lagi .,2,pelayanan di Hotel salak bogor tidak sebagus yang gue membayangkan fasilitas nya juga biasa molto padahal kata nya Hotel bintang lima hm kecewa kayak nya sih tidak mau ke sana lagi,0.9912593960762024,2,[0.0389 0.0014 0.9597],2,[0.0546 0.0029 0.9425],"{'kecewa': 'kecewa', 'hotel': 'Hotel', 'banget': 'molto'}",2,0,0.2299,,,,,,,,,
ada apa dengan young lex ? kenapa dia harus mengirim hal-hal tidak berfaedah kayak gitu . merusak moral banget sumpah !,2,ada apa dengan young lex kenapa dia harus mengirim tidak berfaedah kayak gitu merusak moral banget sumpah,0.9961702227592468,2,[0.0055 0.0016 0.9929],2,[0.0093 0.0027 0.988 ],"{'merusak': 'merusak', 'berfaedah': 'berfaedah'}",2,2,0.2495,,,,,,,,,
"gue pesimis sama manusia , terutama dalam ngurusin sampah . sudah berapa banyak hewan-hewan laut jadi korban gara-gara kita buang sampah ke laut . tidak tega gue liat nya . kadang tidak mengerti juga sebenarnya pemimpin-pemimpin yang ada itu pada mikirin enggak sih urusan penting kayak gini . he .",2,io pesimis sama manusia terutama dalam ngurusin sampah sudah berapa banyak laut jadi vitalità kita buang sampah ke laut tidak tega io liat nya kadang tidak mengerti juga sebenarnya yang ada itu pada mikirin enggak sih urusan penting kayak gini he,0.9775151014328004,2,[0.0056 0.001  0.9934],2,[0.0129 0.0029 0.9842],"{'korban': 'vitalità', 'gue': 'io', 'pesimis': 'pesimis'}",2,0,0.255,,,,,,,,,
saya kecewa karena pengeditan biodata penumpang dilakukan by sistem tanpa konfirmasi dan solusi permasalahan nya pun dianggap sepele karena dibiarkan begitu saja sedang pelayanan pelanggan yang sudah berkali-berkali dihubungi pun hanya seperti mengulur waktu . sampai detik ini belum ada solusi untuk masalah saya yang kesalahan nya sendiri bukan dari pihak saya .,2,saya kecewa karena pengeditan biodata penumpang dilakukan by sistem tanpa konfirmasi dan soluzione permasalahan nya pun dianggap sepele karena dibiarkan begitu saja sedang pelayanan pelanggan yang sudah contattato pun hanya seperti mengulur waktu sampai detik ini belum ada soluzione untuk masalah saya yang kesalahan nya sendiri bukan dari pihak saya,0.9818785190582277,2,[4.900e-03 9.000e-04 9.943e-01],2,[0.0052 0.0011 0.9937],"{'solusi': 'soluzione', 'kecewa': 'kecewa', 'dihubungi': 'contattato', 'dibiarkan': 'dibiarkan'}",2,2,0.3328,,,,,,,,,
"saya hari ini melakukan pemesanan dan tiket saya tidak kunjung saya terima . padahal saya sudah menelpon pelayanan pelanggan , sudah mengirimkan email dengan bukti transfer tapi respon nya sangat lambat dan tidak jelas .",2,saya hari ini melakukan pemesanan dan tiket saya tidak kunjung saya terima padahal saya sudah menelpon pelayanan pelanggan sudah mengirimkan email dengan bukti transfer tapi risposta nya sangat lambat dan tidak jelas,0.989174485206604,2,[0.0029 0.0026 0.9945],2,[0.0101 0.0221 0.9678],"{'respon': 'risposta', 'menelpon': 'menelpon'}",2,1,0.2462,,,,,,,,,
"sangat merugikan , saya sudah memesan dan membayar tetapi e - tiket tidak ada juga , padahal bukti pembayaran sudah jelas , sudah menelepon pelayanan pelanggan berkali kali dan tidak ada solusi nya , pulsa sudah habis ratusan ribu , saya meminta kembalikan uang juga sangat lama proses nya , sangat merugikan pengguna , banyak kerugian uang transport , waktu , penginapan dll.",2,sangat merugikan saya sudah ordine dan membayar tetapi e tiket tidak ada juga padahal bukti pembayaran sudah jelas sudah menelepon pelayanan pelanggan berkali kali dan tidak ada soluzione nya pulsa sudah habis ratusan ribu saya meminta kembalikan uang juga sangat lama elaborazione nya sangat merugikan pengguna banyak kerugian uang transport waktu penginapan,0.9686269760131836,2,[0.0045 0.0011 0.9944],2,[0.0055 0.001  0.9935],"{'solusi': 'soluzione', 'merugikan': 'merugikan', 'proses': 'elaborazione', 'uang': 'uang', 'memesan': 'ordine'}",2,2,0.3601,,,,,,,,,
saya itu memesan tiket dot com . sudah dibayar email belum ada balasan . bukti pembayaran sudah saya kirim by email . saya masukkan data balasan nya pemesanan kadaluarsa terus . akhirnya saya beli lagi langsung ke loket . saya minta uang kembali masih menunggu 3 - 14 hari . ambil saja uang tiket nya tidak apa-apa . sedih saya download aplikasi ini .,2,saya itu memesan tiket dot com sudah dibayar email belum ada balasan bukti pembayaran sudah saya kirim by email saya masukkan data balasan nya pemesanan kadaluarsa terus akhirnya saya beli lagi langsung ke loket saya minta uang kembali masih menunggu 3 14 hari ambil saja uang tiket nya tidak sedih saya download aplikasi ini,0.9985495805740356,2,[0.0032 0.0022 0.9946],2,[0.0535 0.1081 0.8384],"{'kadaluarsa': 'kadaluarsa', 'loket': 'loket', 'balasan': 'balasan', 'nya': 'nya', 'kirim': 'kirim'}",2,2,0.3818,,,,,,,,,
"saya sudah bayar tetapi etiket tidak dikirim malah kadaluwarsa , diminta struk pembayaran saya sudah tidak punya hanya sms banking . tetapi tetap saja tidak digubris dari pelayanan pelanggan - nya . sudah email dan telepon berkali-berkali tetap tidak ada hasil . sangat mengecewakan .",2,saya sudah bayar tetapi etiket tidak dikirim malah kadaluwarsa diminta struk pembayaran saya sudah tidak punya hanya sms banking tetapi tetap saja tidak digubris dari pelayanan pelanggan nya sudah email dan telepon tetap tidak ada risultati sangat deludente,0.9880292415618896,2,[0.0039 0.0012 0.9948],2,[0.0048 0.0022 0.993 ],"{'hasil': 'risultati', 'mengecewakan': 'deludente', 'telepon': 'telepon'}",2,2,0.3103,,,,,,,,,
"saya mesan tiket tapi tidak dikonformasi dan proses pengembalian uang yang tidak jelas dan belum ada sampai sekarang , pelayanan nya yang sangat buruk dan saran saya jangan pesan di sini , sangat mengecewakan .",2,saya mesan tiket tapi tidak dikonformasi dan elaborazione pengembalian uang yang tidak jelas dan belum ada sampai sekarang pelayanan nya yang sangat buruk dan saran saya jangan pesan di sini sangat mengecewakan,0.995678722858429,2,[0.0063 0.0013 0.9924],2,[0.0106 0.0015 0.9879],"{'buruk': 'buruk', 'proses': 'elaborazione'}",2,2,0.4379,,,,,,,,,
"sangat kecewa dengan aplikasi ini , sudah ditransfer tetapi etiket tidak dikirim saya coba telepon call centre seharian tetapi sibuk terus call genre nya , mending pakai traveloka adalah untuk pesanan selanjutnya .",2,sangat kecewa dengan applicazione ini sudah ditransfer tetapi etiket tidak velocito saya coba telepon call centre seharian tetapi sibuk terus call genre nya mending pakai traveloka adalah untuk pesanan selanjutnya,0.985742688179016,2,[0.0062 0.0012 0.9926],2,[0.0207 0.0025 0.9768],"{'kecewa': 'kecewa', 'dikirim': 'velocito', 'aplikasi': 'applicazione'}",2,2,0.4055,,,,,,,,,
melihat komen nya 90 % negatif jadi pikir-pikir buat mencari tiket kereta di sini . mending aplikasi yang lain saja yang sudah terbukti bagus bertahun-bertahun .,2,melihat komen nya 90 negativo jadi buat mencari tiket kereta di sini mending aplikasi yang lain saja yang sudah terbukti bagus,0.979559600353241,2,[0.0218 0.0089 0.9692],2,[0.2985 0.1369 0.5646],"{'negatif': 'negativo', 'mending': 'mending'}",2,0,0.3828,,,,,,,,,
aplikasi tukang bohong . promo gratis makan tidak terjadi . komplain ke pelayanan pelanggan dengan email tidak ditanggapi . komplain by phone hanya dicatat saja tidak ada tindak lanjut . sangat tidak direkomendasikan untuk siapa pun .,2,aplikasi tukang bohong promo gratis mangiare tidak terjadi komplain ke pelayanan pelanggan dengan email tidak ditanggapi komplain by phone hanya dicatat saja tidak ada tindak lanjut sangat tidak consigliato untuk siapa pun,0.985358715057373,2,[0.0066 0.0012 0.9922],2,[0.0101 0.0042 0.9857],"{'bohong': 'bohong', 'direkomendasikan': 'consigliato', 'makan': 'mangiare'}",2,2,0.4206,,,,,,,,,
kata nya dapat promo 100 ribu . tapi setelah di bayar di atm - nya ternyata harga normal . sudah saya kirim email tapi tidak ada balasan . mengecewakan .,2,kata nya dapat promo 100 ribu tapi setelah di bayar di atm nya ternyata harga normal sudah saya kirim email tapi tidak ada balasan mengecewakan,1.0,2,[0.0061 0.0017 0.9922],0,[0.6512 0.0728 0.276 ],{'atm': 'atm'},2,2,0.3812,,,,,,,,,
"saya sudah bayar untuk hotel tapi etiket tidak terbit , saya sudah kirim email bukti pembayaran nya tapi tetap tidak ada mengikuti naik - nya . sampai hari h mau cek - in ini . sudah menghubungi bolak balik pelayanan pelanggan sama saja ngulang-ngulang informasi dari awal . dijanjikan akan ditelpon tapi tidak dihubungi juga sampai sekarang . saya mau laporkan polisi . menyebalkan .",2,saya sudah bayar untuk hotel tapi etiket tidak terbit saya sudah kirim email bukti pembayaran nya tapi tetap tidak ada mengikuti naik nya sampai hari h mau cek in ini sudah menghubungi bolak balik pelayanan pelanggan sama saja informasi dari awal dijanjikan akan ditelpon tapi tidak dihubungi juga sampai sekarang saya mau laporkan polisi menyebalkan,0.9983196258544922,2,[0.0036 0.0014 0.995 ],2,[0.004  0.0045 0.9916],"{'menyebalkan': 'menyebalkan', 'dijanjikan': 'dijanjikan', 'laporkan': 'laporkan', 'ditelpon': 'ditelpon', 'bolak': 'bolak'}",2,2,0.5059,,,,,,,,,
"saya kecewa karena saya sudah transfer dan belum dikonfirmasi saya telepon malah pelanggan sibuk terus , aduh kecewa nih gue .",2,saya kecewa karena saya sudah transfer dan belum dikonfirmasi saya telepon malah pelanggan sibuk terus aduh kecewa nih gue,1.0,2,[0.003  0.0011 0.9959],2,[0.0035 0.0011 0.9954],"{'dikonfirmasi': 'dikonfirmasi', 'telepon': 'telepon'}",2,2,0.3732,,,,,,,,,
saya sudah transfer ratusan ribu dan sesuai nominal transfer . tapi tiket belum muncul juga . harus diwaspadai ini aplikasi ini . bahaya .,2,saya sudah transfer ratusan ribu dan sesuai nominal transfer tapi tiket belum muncul juga harus diwaspadai ini aplikasi ini bahaya,1.0,2,[0.0038 0.0021 0.9941],2,[0.0044 0.0084 0.9872],"{'bahaya': 'bahaya', 'diwaspadai': 'diwaspadai'}",2,1,0.3892,,,,,,,,,
"pelayanan pelanggan tidak respon , komentar disuruh email , email saya tidak ditanggapi , sudah beberapa hari yang lalu , sampai sekarang tidak ada respon . menyusahkan saja .",2,pelayanan pelanggan tidak respon komentar disuruh email email saya tidak ditanggapi sudah beberapa hari yang lalu sampai sekarang tidak ada respon menyusahkan saja,1.0,2,[0.0035 0.0012 0.9953],2,[0.0027 0.0024 0.9949],"{'menyusahkan': 'menyusahkan', 'disuruh': 'disuruh'}",2,2,0.4035,,,,,,,,,
tolong untuk pelayana nya diperjelas ya . sudah pesan tiket sudah dibayar tetapi dengan alasan bank bermasalah dan tidak ada pertanggungjawaban untuk memulangkan uang saja harus sampai ditelpon lagi . dikirim by email untuk komponen tidak direspon . kecewa .,2,tolong untuk pelayana nya diperjelas ya sudah pesan tiket sudah dibayar tetapi dengan alasan bank bermasalah dan tidak ada pertanggungjawaban untuk memulangkan uang saja harus sampai ditelpon lagi dikirim by email untuk komponen tidak direspon kecewa,1.0,2,[0.0032 0.0025 0.9943],2,[0.0064 0.0169 0.9767],"{'pertanggungjawaban': 'pertanggungjawaban', 'direspon': 'direspon', 'kecewa': 'kecewa', 'ditelpon': 'ditelpon'}",2,2,0.4533,,,,,,,,,
"luar biasa kecewa sangat dengan aplikasi ini , saya sudah hubungi pusat panggilan untuk cek pemesanan saya karena saya sudah bayar dan tidak muncul e - tiket nya , bahkan saya sudah kirim bukti transaksi nya ke e-mail , hingga saat ini tidak ada pihak pusat panggilan yang menghubungi , kecewa .",2,luar biasa kecewa sangat dengan applicazione ini saya sudah hubungi pusat panggilan untuk cek pemesanan saya karena saya sudah bayar dan tidak muncul e tiket nya bahkan saya sudah kirim bukti transaksi nya ke hingga saat ini tidak ada pihak pusat panggilan yang contatto kecewa,0.9806876182556152,2,[0.0036 0.0021 0.9943],2,[0.0111 0.007  0.9819],"{'kecewa': 'kecewa', 'menghubungi': 'contatto', 'aplikasi': 'applicazione', 'pusat': 'pusat'}",2,2,0.4748,,,,,,,,,
"sangat mengecewakan , saya pesan tiket dan sudah saya bayar , padahal waktu itu belum kadaluarsa pas saya transfer , tapi sampai sekarang belum dikasih kode bokong nya , malah dikasih notifikasi sudah kadaluarsa , lalu uang nya lari nya ke mana , pas saya hubungi lewat email hanya ditanggapi sekali saja .",2,sangat deludente saya pesan tiket dan sudah saya bayar padahal waktu itu belum kadaluarsa pas saya transfer tapi sampai sekarang belum dikasih kode bokong nya malah dikasih notifikasi sudah kadaluarsa lalu uang nya lari nya ke mana pas saya hubungi lewat email hanya ditanggapi sekali saja,0.9961539506912231,2,[3.900e-03 9.000e-04 9.952e-01],2,[0.0039 0.0027 0.9934],"{'mengecewakan': 'deludente', 'bokong': 'bokong', 'lari': 'lari', 'kadaluarsa': 'kadaluarsa'}",2,2,0.4734,,,,,,,,,
tolong jangan order tiket pakai aplikasi ini kalau tidak mau kecewa . benci banget . sudah transfer etiket tidak dikirim-kirim malah pesanan dibatalkan . telpon pelayanan pelanggan juga tidak diangkat . di-email tidak dibalas .,2,tolong jangan order tiket pakai aplikasi ini kalau tidak mau kecewa benci banget sudah transfer etiket tidak malah pesanan dibatalkan chiamata pelayanan pelanggan juga tidak diangkat tidak dibalas,0.977365016937256,2,[3.800e-03 9.000e-04 9.953e-01],2,[0.006  0.0022 0.9918],"{'benci': 'benci', 'diangkat': 'diangkat', 'telpon': 'chiamata'}",2,2,0.3923,,,,,,,,,
saya pesan tiket pesawat dan sudah melakukan pembayaran sesuai instruksi namun sudah lebih dari 4 jam belum ada terbit e - tiket malahan status pesanan saya malah jadi pemesanan kadaluarsa . komplain sudah saya lakukan melalui email dan telpon pelayanan pelanggan sampai sekarang belum ada penyelesaian yang berarti . ini sangat merugikan .,2,saya pesan tiket pesawat dan sudah melakukan pembayaran sesuai instruksi namun sudah lebih dari 4 jam belum ada terbit e tiket malahan status pesanan saya malah jadi pemesanan kadaluarsa komplain sudah saya lakukan melalui email dan chiamata pelayanan pelanggan sampai sekarang belum ada penyelesaian yang berarti ini sangat merugikan,0.9972306489944458,2,[0.0033 0.0021 0.9946],2,[0.0057 0.0074 0.9869],"{'kadaluarsa': 'kadaluarsa', 'penyelesaian': 'penyelesaian', 'komplain': 'komplain', 'telpon': 'chiamata'}",2,2,0.4872,,,,,,,,,
"saya pesan ticket sampai sekarang tidak ada konformasi nya . uang sudah ditransfer , kalau seperti itu kembalikan uang nya , tai sekali , telepon pusat panggilan habis pulsa hampir 200 . tidak ada . kembalikan uang saya . jangan pernah kalian pesan tiket di sini . menyesal",2,saya pesan ticket sampai sekarang tidak ada konformasi nya uang sudah ditransfer kalau seperti itu kembalikan uang nya tai sekali telepon pusat panggilan habis pulsa hampir 200 tidak ada kembalikan uang saya jangan pernah kalian pesan tiket di sini rimpiangere,0.9966650009155272,2,[0.0028 0.0013 0.9959],2,[0.0045 0.0033 0.9921],"{'uang': 'uang', 'menyesal': 'rimpiangere', 'pesan': 'pesan'}",2,2,0.4573,,,,,,,,,
pembayaran sudah dilakukan tetapi e - tiket tidak dikirim-dikirim malah dipesan diblang kadaluarsa . titip cs nya berkali-berkali jwaban nya tidak ada yang membantu dan tidak sinkron semua . sampai sekarang belum jelas pengembalian uang ataupun penggantian tiket . disarankan tidak usah memakai aplikasi ini .,2,pembayaran sudah dilakukan tetapi e tiket tidak malah ordinato diblang kadaluarsa titip cs nya jwaban nya tidak ada yang membantu dan tidak sinkron semua sampai sekarang belum jelas pengembalian uang ataupun penggantian tiket disarankan tidak usah memakai aplikasi ini,0.99161958694458,2,[0.0047 0.0015 0.9938],2,[0.0083 0.0017 0.99  ],"{'kadaluarsa': 'kadaluarsa', 'sinkron': 'sinkron', 'pengembalian': 'pengembalian', 'dipesan': 'ordinato'}",2,2,0.4513,,,,,,,,,
"sangat mengecewakan ! di mana kalau pesan tiket sudah dibayar sudah dikasih bukti transfer itu langsung dikasih nomor e - tiket nya . ini kok tidak ada konfirmasi apa , sudah mendekati hari h tiba pesanan kadaluarsa . pelayanan sangat buruk ! pelayanan pelanggan - nya juga tidak sopan . segera kembalikan uang pengembalian dana tiket saya !",2,sangat deludente di mana kalau pesan tiket sudah dibayar sudah dikasih bukti transfer itu langsung dikasih nomor e tiket nya ini kok tidak ada konfirmasi apa sudah mendekati hari h tiba pesanan kadaluarsa pelayanan sangat buruk pelayanan pelanggan nya juga tidak sopan segera kembalikan uang pengembalian dana tiket saya,0.997752606868744,2,[0.0064 0.001  0.9926],2,[0.0054 0.0011 0.9935],"{'kadaluarsa': 'kadaluarsa', 'mengecewakan': 'deludente', 'pesanan': 'pesanan', 'pelayanan': 'pelayanan', 'langsung': 'langsung'}",2,2,0.4745,,,,,,,,,
"saya sudah komplain dengan berbagai cara tapi sangat tidak mengenakkan , selain lama respon tetapi juga tidak ditanggapi . saya sudah transfer uang dan sudah saya kirim tanda bukti nya tapi sampai saat ini tidak ada kejelasan sama sekali . saya merasa tertipu .",2,saya sudah komplain dengan berbagai cara tapi sangat tidak simpatia selain lama respon tetapi juga tidak ditanggapi saya sudah transfer uang dan sudah saya kirim tanda bukti nya tapi sampai saat ini tidak ada kejelasan sama sekali saya merasa tertipu,0.9973692297935486,2,[0.0035 0.0012 0.9953],2,[0.0043 0.0019 0.9938],"{'kejelasan': 'kejelasan', 'mengenakkan': 'simpatia'}",2,2,0.4584,,,,,,,,,
"saya hilang 2.5 juta dari apa ini karena , terjadi eror saat melanjutkan pembayaran yang terpending menyebabkan isi-isi data penumpang dan terjadi kesalahan flight . kecewa sekali dengan fasilitas yang ada .",2,saya hilang juta dari apa ini karena terjadi errore saat melanjutkan pembayaran yang terpending menyebabkan data penumpang dan terjadi kesalahan flight kecewa sekali dengan fasilitas yang ada,0.967910647392273,2,[0.0089 0.0016 0.9895],2,[0.0274 0.0044 0.9682],"{'kecewa': 'kecewa', 'eror': 'errore'}",2,2,0.3931,,,,,,,,,
"sudah melakukan pembayaran tetapi tiket ada , bukti transfer sudah dilampirkan ke email dengan alasan uang belum diterima , ini niat jualan apa mau mengambil uang orang ? tidak lagi-lagi beli tiket di tiket.com , sumpah asli tipu dan produk sampah",2,sudah melakukan pembayaran tetapi tiket ada bukti transfer sudah dilampirkan ke email dengan motivazione uang belum diterima ini niat jualan apa mau mengambil uang orang tidak beli tiket di sumpah asli trucco dan produk sampah,0.9792502522468568,2,[0.0036 0.0011 0.9953],2,[0.0092 0.0227 0.9681],"{'tipu': 'trucco', 'diterima': 'diterima', 'alasan': 'motivazione', 'dilampirkan': 'dilampirkan'}",2,2,0.4119,,,,,,,,,
saya baru saja mengalami pesan tiket lewat ini aplikasi penipu . sudah transfer uang . tapi belum ada balasan . dan tidak ada respon . jangan pernah pakai aplikasi tak nii .,2,saya baru saja mengalami pesan tiket lewat ini applicazione imbroglione sudah transfer uang tapi belum ada balasan dan tidak ada respon jangan pernah pakai applicazione tak nii,0.9866343140602112,2,[0.0035 0.0014 0.9951],2,[0.0112 0.0284 0.9604],"{'penipu': 'imbroglione', 'aplikasi': 'applicazione'}",2,2,0.3758,,,,,,,,,
biasanya pesan tiket pesawat lancar-lancar saja . terakhir beli tiket kereta eksekutif untuk 6 orang sudah ditransfer sebelum waktu berakhir tetapi cek order pemesanan kadaluarsa . menyebalkan !,2,biasanya pesan tiket pesawat saja terakhir beli tiket kereta eksekutif untuk 6 orang sudah ditransfer sebelum waktu berakhir tetapi cek order pemesanan kadaluarsa menyebalkan,0.9826638102531432,2,[0.0076 0.0021 0.9904],2,[0.0072 0.0095 0.9833],"{'kadaluarsa': 'kadaluarsa', 'pemesanan': 'pemesanan'}",2,2,0.3992,,,,,,,,,
"proses pengembalian dana lama . sudah dibayar tapi kode pesan tidak dapat . pelayanan kurang , telepon ke pelayanan pelanggan pakai pulsa yang banyak . tidak mau pesan lagi di sini",2,proses pengembalian dana lama sudah dibayar tapi kode pesan tidak dapat pelayanan kurang telepon ke pelayanan pelanggan pakai pulsa yang banyak tidak mau pesan lagi di sini,1.0,2,[0.0083 0.0018 0.99  ],2,[0.013  0.0173 0.9696],"{'pengembalian': 'pengembalian', 'pakai': 'pakai'}",2,0,0.3918,,,,,,,,,
"e - tiket belum diterima padahal uang nya sudah ditransfer . pas mau konfirmasi ke pelayanan pelanggan tidak pernah direspons , e-mail juga tidak dijawab . mantap ! bikin kecewa saja bisa nya !",2,e tiket belum diterima padahal uang nya sudah ditransfer pas mau konfirmasi ke pelayanan pelanggan tidak pernah direspons juga tidak dijawab mantap bikin kecewa saja bisa nya,0.978767454624176,2,[0.0402 0.0024 0.9574],2,[0.0087 0.0012 0.9901],"{'kecewa': 'kecewa', 'direspons': 'direspons', 'diterima': 'diterima'}",2,0,0.4088,,,,,,,,,
saya sudah berhasil transaksi sesuai nominal tagihan . dan sampai saat ini belum dapat etiket . ini pelayanan yang sangat buruk dan menjengkelkan . sudah email beberapa kali tapi tidak ada respon . pelayanan pelanggan nya yang super duper lemah otak . kalau kode pesan tidak juga dikirim . pokokanyak duit saya harus kembali .,2,saya sudah berhasil transaksi sesuai nominal tagihan dan sampai saat ini belum dapat etiket ini pelayanan yang sangat buruk dan menjengkelkan sudah email beberapa kali tapi tidak ada risposta pelayanan pelanggan nya yang super duper debole cervello kalau kode pesan tidak juga dikirim pokokanyak duit saya harus kembali,0.9831737279891968,2,[6.200e-03 9.000e-04 9.929e-01],2,[0.0142 0.0021 0.9838],"{'email': 'email', 'respon': 'risposta', 'lemah': 'debole', 'otak': 'cervello'}",2,2,0.4755,,,,,,,,,
"tidak bisa menggunakan kode promo di aplikasi android , telpon ke pelayanan pelanggan bilang nya tidak ada solusi nya . oke uninstall dan tidak rekomendasi !",2,tidak bisa menggunakan kode promo di aplikasi android telpon ke pelayanan pelanggan bilang nya tidak ada solusi nya bene uninstall dan tidak rekomendasi,0.9821048378944396,2,[0.0052 0.006  0.9888],2,[0.0178 0.1162 0.866 ],"{'oke': 'bene', 'rekomendasi': 'rekomendasi'}",2,2,0.4069,,,,,,,,,
"menyesal pesan tiket pesawat di tiket.com sudah di transfer dibilang transaksi kedaluarsa , pulsa habis banyak untuk telpon pelayanan pelanggan .",2,menyesal pesan tiket pesawat di sudah di transfer dibilang transaksi kedaluarsa pulsa habis banyak untuk telpon pelayanan pelanggan,0.9842041730880736,2,[0.0044 0.0012 0.9944],2,[0.0037 0.0017 0.9945],"{'kedaluarsa': 'kedaluarsa', 'habis': 'habis'}",2,2,0.3699,,,,,,,,,
"di saat saya salah pembelian , pengembalian uang cuma 50 %, itu tidak masalah abang saya . tetapi sudah 2 bulan belum ada juga pengembalian nya , tiket.com tidak bisa dipercaya .",2,di saat saya salah pembelian pengembalian uang cuma 50 itu tidak masalah abang saya tetapi sudah 2 bulan belum ada juga pengembalian nya tidak bisa dipercaya,0.9970444440841676,2,[0.0038 0.0014 0.9949],2,[0.0049 0.0022 0.9929],"{'dipercaya': 'dipercaya', 'pengembalian': 'pengembalian'}",2,0,0.4205,,,,,,,,,
sangat kecewa dengan pelayanan nya saya sudah transfer tapi sampai sekarang belum ada konfirmasi padahal sudah kirim bukti transfer dan sudah telpon ke cs nya .,2,sangat kecewa dengan pelayanan nya saya sudah transfer tapi sampai sekarang belum ada konfirmasi padahal sudah kirim bukti transfer dan sudah telpon ke cs nya,1.0,2,[0.0035 0.0021 0.9943],2,[0.0039 0.0028 0.9933],"{'kecewa': 'kecewa', 'transfer': 'transfer'}",2,2,0.4113,,,,,,,,,
saya kecewa sama aplikasi ini padahal cek - in-nya jam 19.30 . malahan saya ketinggal pesawat . kembalikan uang saya .,2,saya kecewa sama aplikasi ini padahal cek jam malahan saya ketinggal pesawat kembalikan uang saya,0.9396709203720092,2,[0.0033 0.0013 0.9954],2,[0.003  0.0012 0.9958],{'kecewa': 'kecewa'},2,0,0.3474,,,,,,,,,
tiket kadaluarsa padahal sudah bayar . kacau . mengganggu waktu dan rencana saya . sistem nya tidak bagus . pelayanan pelanggan - nya tidak professional . kalau tidak mau kerja suruh jangan kerja .,2,tiket kadaluarsa padahal sudah bayar kacau mengganggu waktu dan rencana saya sistema nya tidak bagus pelayanan pelanggan nya tidak professional kalau tidak mau kerja suruh jangan kerja,0.9930166602134703,2,[0.0072 0.001  0.9918],2,[0.0085 0.0013 0.9901],"{'sistem': 'sistema', 'bayar': 'bayar', 'kerja': 'kerja'}",2,0,0.4224,,,,,,,,,
maaf ya saya uninstall . saya kecewa karena sudah melakukan pembayaran tetapi tidak dikonfirmasi . saya sudah komplain via email tetapi respon nya sangat lambat .,2,maaf ya saya uninstall saya kecewa karena sudah melakukan pembayaran tetapi tidak dikonfirmasi saya sudah komplain via email tetapi respon nya sangat lambat,1.0,2,[0.0054 0.002  0.9926],2,[0.0048 0.0029 0.9923],"{'kecewa': 'kecewa', 'dikonfirmasi': 'dikonfirmasi'}",2,2,0.3869,,,,,,,,,
serem melihat pengalaman yang sudah pesan di sini . mending uninstal saja . aplikasi abal-abal ini . mending pakai burung biru saja . jelas ...... !!,2,serem melihat pengalaman yang sudah pesan di sini mending uninstal saja aplikasi ini mending pakai burung biru saja jelas,0.9942550659179688,2,[0.0035 0.0011 0.9954],2,[0.0078 0.0061 0.9861],"{'uninstal': 'uninstal', 'mending': 'mending'}",2,2,0.3765,,,,,,,,,
minta dikembalikan karena permasalahan bencana alam tapi tidak ada respon baik dari pelanggan nya . sangat mengecewakan .,2,minta dikembalikan karena permasalahan bencana alam tapi tidak ada respon baik dari pelanggan nya sangat deludente,0.993213415145874,2,[0.0028 0.0012 0.996 ],2,[0.0029 0.0019 0.9952],{'mengecewakan': 'deludente'},2,2,0.3562,,,,,,,,,
aplikasi tipu . sialan . mengembalikan duit gua . gua minta prtnggungjawaban susah sekali sialan . menyebalkan .,2,aplikasi tipu sialan mengembalikan duit gua gua minta prtnggungjawaban susah sekali sialan menyebalkan,1.0,2,[0.0034 0.001  0.9956],2,[0.0026 0.0017 0.9958],"{'prtnggungjawaban': 'prtnggungjawaban', 'menyebalkan': 'menyebalkan'}",2,2,0.3764,,,,,,,,,
"saya kemarin batalkan tiket pesawat karena salah ordrer , kami sudah minta dikembalikan dan dapat balasan baru diproses . tapi kenapa proses lama tidak seperti traveloka saat itu langsung dikembalikan , pelayanan pelanggan pun telepon nya tarif mahal . ini sudah lebih tiga hari setelah saya baca ternyata banyak pelanggan yang dibuat kecewa .",2,saya kemarin batalkan tiket pesawat karena salah ordrer kami sudah minta dikembalikan dan dapat balasan baru diproses tapi kenapa proses lama tidak seperti traveloka saat itu langsung dikembalikan pelayanan cliente pun telepon nya tarif mahal ini sudah lebih tiga hari setelah saya baca ternyata banyak cliente yang dibuat kecewa,0.97740638256073,2,[0.0071 0.0012 0.9917],2,[0.0142 0.0061 0.9797],"{'kecewa': 'kecewa', 'mahal': 'mahal', 'telepon': 'telepon', 'pelanggan': 'cliente'}",2,2,0.4864,,,,,,,,,
tolong ya dana pengembalian dana saya ini sudah berbulan bulan saya email berkali kali tidak dibalas masalah nya ini bukan ratusan ribu atau satu dua jutaan ! sama sekali tidak bertanggung jawab dan sangat mengecewakan,2,tolong ya dana pengembalian dana saya ini sudah berbulan bulan saya email berkali kali tidak dibalas masalah nya ini bukan ratusan ribu atau satu dua jutaan sama sekali tidak bertanggung jawab dan sangat mengecewakan,1.0,2,[0.0028 0.0011 0.996 ],2,[0.0026 0.0012 0.9962],"{'bertanggung': 'bertanggung', 'nya': 'nya', 'dana': 'dana'}",2,2,0.4189,,,,,,,,,
saya melakukan pemesanan dan sudah transfer tapi etiket belum juga masuk . dana saya juga belum ditransfer . bahkan layanan live obrolan - nya tidak ada . menyebalkan .,2,saya melakukan pemesanan dan sudah transfer tapi etiket belum juga masuk dana saya juga belum ditransfer bahkan layanan live obrolan nya tidak ada menyebalkan,1.0,2,[0.0048 0.0019 0.9933],2,[0.0847 0.018  0.8973],"{'menyebalkan': 'menyebalkan', 'dana': 'dana'}",2,1,0.3914,,,,,,,,,
"sebelumnya saya senang sekali menggunakan aplikasi ini , tetapi sekarang agak kecewa kenapa diminta update dan karena belum diupdate aplikasi tidak dapat dijalankan . pertanyaan saya update terbaru ini kenapa minta izin akses ke kontak dan telpon ? ini membuat konsumen tidak nyaman .",2,sebelumnya saya senang sekali menggunakan aplikasi ini tetapi sekarang agak kecewa kenapa diminta update dan karena belum diupdate aplikasi tidak dapat dijalankan pertanyaan saya update terbaru ini kenapa minta izin akses ke kontak dan telpon ini membuat konsumen tidak comodo,0.9888485670089722,2,[0.0077 0.0013 0.991 ],2,[0.0279 0.0058 0.9664],"{'nyaman': 'comodo', 'kecewa': 'kecewa', 'konsumen': 'konsumen'}",2,2,0.4284,,,,,,,,,
"sudah hampir 3 bulan ini , pengembalian dana dana tidak balik , 2 kali dapat notifikasi email berisi pengembalian dana dana sudah dikembalikan , tapi kenyataan tidak ada dana yang masuk ke rekening saya . dua kali juga suruh upload mutasi rekening , telpon pelayanan pelanggan cuma bilang mengikuti naik saja sampai sekarang dana tidak balik .",2,sudah hampir 3 bulan ini pengembalian dana dana tidak balik 2 voltaico dapat notifikasi email berisi pengembalian dana dana sudah dikembalikan tapi kenyataan tidak ada dana yang masuk ke rekening saya dua voltaico juga suruh upload mutasi rekening telpon pelayanan pelanggan cuma bilang mengikuti naik saja sampai sekarang dana tidak balik,0.9693022966384888,2,[0.003  0.0103 0.9867],2,[0.0095 0.1639 0.8266],"{'rekening': 'rekening', 'dikembalikan': 'dikembalikan', 'kenyataan': 'kenyataan', 'kali': 'voltaico'}",2,1,0.4838,,,,,,,,,
"sangat jelek pelayanan nya , saya transfer kelebihan 1000 saja tidak dikasih tiket pesan . dan proses pengembalian dana nya lama banget sedangkan saya harus beli tiket baru lagi karena orang tua saya sakit , tapi tidak ada kebijakan nya malah disuruh tunggu 3 hari , jelek sekali !",2,sangat cattivo pelayanan nya saya transfer kelebihan 1000 saja tidak dikasih tiket pesan dan proses pengembalian dana nya lama banget sedangkan saya harus beli tiket baru lagi karena orang tua saya sakit tapi tidak ada politica nya malah disuruh aspettare 3 hari cattivo sekali,0.986829400062561,2,[0.0071 0.001  0.9919],2,[0.0132 0.0015 0.9852],"{'transfer': 'transfer', 'kebijakan': 'politica', 'jelek': 'cattivo', 'nya': 'nya', 'tunggu': 'aspettare'}",2,2,0.4463,,,,,,,,,
"terminal nya tidak ditulis tahu dari mana , saya kontak tidak ada balasan , mending aplikasi sebelah lebih oke , baru sekali coba sudah kayak gini kesan nya . tidak asik .",2,terminal nya tidak ditulis tahu dari mana saya kontak tidak ada balasan mending aplikasi sebelah lebih oke baru sekali coba sudah kayak gini kesan nya tidak Assorbito,0.9812004566192628,2,[6.00e-03 9.00e-04 9.93e-01],2,[0.0159 0.006  0.9781],"{'asik': 'Assorbito', 'kontak': 'kontak', 'kayak': 'kayak'}",2,2,0.3815,,,,,,,,,
"kami meyewa 2 kamar sangat kecewa dengan fasilitas yang didapat , mulai dari ac yang tidak berfungsi dengan baik , alat cukur di 2 kamar yang tidak layak pakai sampai dapat apel yang busuk di evening coctail .",2,kami meyewa 2 telecamera sangat kecewa dengan fasilitas yang didapat mulai dari ac yang tidak berfungsi dengan baik alat cukur di 2 telecamera yang tidak layak pakai sampai dapat apel yang marcio di evening coctail,0.9864159822463988,2,[0.0198 0.0016 0.9786],2,[0.0356 0.003  0.9614],"{'kecewa': 'kecewa', 'kamar': 'telecamera', 'busuk': 'marcio'}",2,0,0.4285,,,,,,,,,
"gue merasa dirugikan banget sih ini . harga miyako dispenser yang dp 200 kualitas nya sama kayak profesional meja dispenser sanex 2102 . ini tidak tahu gue saja yang mengalahkan atau bagaimana . tapi yang pasti , cold sama hot nya tidak berfungsi .",2,io merasa danneggiato banget sih ini harga miyako dispenser yang dp 200 kualitas nya sama kayak profesional meja dispenser sanex 2102 ini tidak tahu io saja yang mengalahkan atau bagaimana tapi yang pasti cold sama hot nya tidak Lavorando,0.9819318056106568,2,[0.0118 0.0012 0.987 ],2,[0.3849 0.02   0.5951],"{'dirugikan': 'danneggiato', 'berfungsi': 'Lavorando', 'gue': 'io', 'kayak': 'kayak'}",2,0,0.4209,,,,,,,,,
bicara kemiskinan tetapi hidup dengan kemewahan . bicara kesenjangan tetapi harta triliunan . bicara cinta nkri tetapi ngemplang pajak . bicara kelaparan tetapi tidak bisa tahan lapar . aneh .,2,bicara kemiskinan tetapi hidup dengan kemewahan bicara kesenjangan tetapi harta triliunan bicara cinta nkri tetapi ngemplang imposta bicara kelaparan tetapi tidak bisa tahan lapar aneh,0.9930548071861268,2,[0.0034 0.0013 0.9952],2,[0.0046 0.0037 0.9917],"{'kelaparan': 'kelaparan', 'pajak': 'imposta', 'aneh': 'aneh'}",2,2,0.3836,,,,,,,,,
bicara kedamaian tetapi suka bikin gaduh . bicara lawan isu bohong tetapi suka bicara ngawur . yang kayak begini tidak pantas dipercaya jadi pemimpin .,2,bicara kedamaian tetapi suka bikin gaduh bicara lawan isu bohong tetapi suka bicara ngawur yang kayak begini tidak pantas dipercaya jadi pemimpin,1.0,2,[0.0044 0.001  0.9946],2,[0.0064 0.002  0.9916],"{'pemimpin': 'pemimpin', 'suka': 'suka', 'bicara': 'bicara'}",2,2,0.3881,,,,,,,,,
buat kamu yang ke wattpad hanya buat mereport author yang bikin ff bxb . mending cari kerjaan yang lebih berfaedah daripada menganjurkan karya orang . membayangkan semua ide yang dibikin capek-capek hilang gara-gara orang yang gemar mereport karya orang lain . kalau gasuka bab ya enggak usah lihat .,2,buat kamu yang ke wattpad hanya buat rapporto author yang bikin ff bxb mending cari kerjaan yang lebih berfaedah daripada menganjurkan karya orang membayangkan semua ide yang dibikin hilang orang yang gemar rapporto karya orang lain kalau gasuka bab ya enggak usah lihat,0.9897732138633728,2,[0.0072 0.0021 0.9907],2,[0.0236 0.028  0.9484],"{'berfaedah': 'berfaedah', 'hilang': 'hilang', 'mereport': 'rapporto', 'bxb': 'bxb'}",2,0,0.457,,,,,,,,,
"betul . era sebelum perbedaan politik suatu hal yang biasa . media sosial damai . sejak jokowi nyapres , pendukung-pendukung nya suka cari ribut ke yang berbeda . contoh , di pilgub dki kami ikut ulama , dibilang radikal intoleran . jangan bawa-bawa agama dan ulama . sekarang ya dengan jadi cawapres , yang tidak pilih dibilang anti ulama . hadeuh . pusing .",2,betul era sebelum perbedaan politik suatu hal yang biasa media sosial damai sejak jokowi nyapres nya suka cari ribut ke yang berbeda contoh di pilgub dki kami ikut ulama dibilang radicale intoleran jangan agama dan ulama sekarang ya dengan jadi cawapres yang tidak pilih dibilang anti ulama hadeuh pusing,0.9899208545684814,2,[0.0031 0.0021 0.9948],2,[0.0067 0.0045 0.9888],"{'radikal': 'radicale', 'ulama': 'ulama', 'anti': 'anti', 'media': 'media', 'nya': 'nya'}",2,2,0.5741,,,,,,,,,
suka kesal dengan kpopers yang mukulin pangsek sumpah saya kesal banget sama kalian saya dukung yanglek karena dia satu satu nya rapper yang muka nya seperti lipatan kulit badak . kenapa kalian tidak mengajak saya dan tidak dimatikan sekalian atau direndam pakai rinso biar bening . gue kan benci banget sama dia .,2,suka kesal dengan kpopers yang mukulin pangsek sumpah saya kesal molto sama kalian saya dukung yanglek karena dia satu satu nya rapper yang muka nya seperti lipatan kulit badak kenapa kalian tidak mengajak saya dan tidak dimatikan sekalian atau direndam pakai rinso biar bening io kan benci molto sama dia,0.9792636632919312,2,[0.0065 0.0011 0.9924],2,[0.0096 0.0015 0.9889],"{'muka': 'muka', 'gue': 'io', 'nya': 'nya', 'banget': 'molto', 'kulit': 'kulit'}",2,2,0.5317,,,,,,,,,
"entah kenapa saya tidak suka melihat cara politisi mengemis suara dengan mengorbankan kemuliaan ulama . kalau alim yang punya track record di partai sih tidak masalah , ini kiai dengan ruf , sudah setua itu , harus lagi menerima caci maki dan tekanan . terlalu kejam saya rasa . kejam banget malah .",2,entah kenapa saya tidak suka melihat cara politisi mengemis suara dengan mengorbankan kemuliaan ulama kalau alim yang punya track record di partai sih tidak masalah ini kiai dengan ruf sudah setua itu harus lagi menerima caci maki dan tekanan terlalu crudele saya rasa crudele banget malah,0.9909588098526,2,[0.0073 0.001  0.9917],2,[0.0227 0.003  0.9743],"{'tekanan': 'tekanan', 'kejam': 'crudele', 'caci': 'caci'}",2,0,0.4899,,,,,,,,,
"gua enggak suka cara pelatih timnas u16 yang melarang pemain nya diwawancara sama teman-teman media . di luar sana , justru pemain muda diajari public speaking baik di depan media maupun di depan rakyat . harus nya pelatih atau manager cukup membatasi apa yang tidak boleh dishare ke media .",2,io enggak suka cara pelatih timnas u16 yang melarang pemain nya diwawancara sama media di luar sana justru pemain muda diajari public speaking baik di depan media maupun di depan rakyat harus nya pelatih atau manager cukup limite apa yang tidak boleh dishare ke media,0.9833732843399048,2,[0.0127 0.0031 0.9842],2,[0.0603 0.0598 0.8798],"{'suka': 'suka', 'gua': 'io', 'membatasi': 'limite', 'diajari': 'diajari'}",2,0,0.5133,,,,,,,,,
"takdir politik ahy belum bisa ikut kontestasi pilpres 2019 - 2024 . walaupun ahy legowo , kami tetap kecewa .",2,takdir politico ahy belum bisa ikut kontestasi pilpres 2019 2024 walaupun ahy legowo kami tetap kecewa,0.9487714767456056,2,[0.011  0.0044 0.9846],2,[0.0887 0.0703 0.841 ],"{'legowo': 'legowo', 'politik': 'politico'}",2,0,0.369,,,,,,,,,
"yang mengira politik itu cuma soal dukung partai , tokoh atau kepentingan nya saja , pasti kemarin dan hari ini kecewa ketika ekspektasi nya tidak terpenuhi . politik itu sarana mewujudkan amanat pembukaan uud 1945 untuk bangsa ini . tokoh partai itu cuma alat saja .",2,yang mengira politico itu cuma soal dukung partai tokoh atau kepentingan nya saja pasti kemarin dan hari ini kecewa ketika ekspektasi nya tidak terpenuhi politico itu sarana mewujudkan amanat pembukaan uud 1945 untuk bangsa ini tokoh partai itu cuma alat saja,0.9757318496704102,2,[0.0072 0.0036 0.9891],2,[0.0096 0.0059 0.9845],"{'kecewa': 'kecewa', 'kepentingan': 'kepentingan', 'partai': 'partai', 'politik': 'politico'}",2,0,0.4619,,,,,,,,,
saya kecewa sama waktu beliau berhentikan sebagai mendikbud . setelah saya tahu bagaimana kinerja nya baru paham mengapa dia diberhentikan . sekarang pun begitu . keputusan yang diambil jokowi pasti beralasan termasuk pemilihan wapres .,2,saya kecewa sama waktu beliau berhentikan sebagai mendikbud setelah saya tahu bagaimana kinerja nya baru paham mengapa dia diberhentikan sekarang pun begitu keputusan yang diambil jokowi pasti beralasan termasuk pemilihan wapres,1.0,2,[0.0577 0.0092 0.933 ],2,[0.0814 0.0234 0.8951],"{'beliau': 'beliau', 'nya': 'nya'}",2,0,0.4177,,,,,,,,,
"udahlah kecewa jakarta dapet nya anies - sandi , terus gue harus kecewa dua kali dengan dapat prabowo - sandi lagi ? ogah amat .",2,udahlah kecewa jakarta dapet nya anies sandi terus gue harus kecewa dua kali dengan dapat prabowo sandi lagi ogah amat,1.0000001192092896,2,[0.0056 0.0023 0.992 ],2,[0.0073 0.0018 0.9909],"{'udahlah': 'udahlah', 'kecewa': 'kecewa'}",2,2,0.365,,,,,,,,,
"kecewa berat kepada pihak stasiun tv yang mengacak siaran nya karena rakyat jelata seperti kami tidak bisa melihat timnas u23 bermain . percuma kita tuan rumah kalau rakyat indonesia sendiri tidak bisa melihat di tv , salam buat pihak yang terkait semoga kalian semua puas .",2,kecewa berat kepada pihak stasiun tv yang mengacak siaran nya karena rakyat jelata seperti kami tidak bisa melihat timnas u23 bermain percuma kita tuan rumah kalau rakyat indonesia sendiri tidak bisa melihat di tv salam buat pihak yang terkait semoga kalian semua puas,1.0,2,[0.0104 0.0014 0.9882],2,[0.0144 0.0021 0.9835],"{'kecewa': 'kecewa', 'nya': 'nya', 'tv': 'tv', 'berat': 'berat'}",2,0,0.4467,,,,,,,,,
pak kami orang kampung yang khusus orang sumatera pedalaman . kami sangat kecewa dengan hal penyiaran asian games . sebenarnya regulasi bisa diubah karena ini wilayah indonesia jadi apa pun yang berada diindonesia harus mengikutkan perintah dari saya,2,pak kami orang kampung yang khusus orang sumatera interno kami sangat kecewa dengan hal trasmissione asian Giochi sebenarnya regulasi bisa diubah karena ini wilayah indonesia jadi apa pun yang berada diindonesia harus mengikutkan perintah dari saya,0.9848136901855468,2,[0.0252 0.0102 0.9646],2,[0.0898 0.0455 0.8646],"{'penyiaran': 'trasmissione', 'pedalaman': 'interno', 'games': 'Giochi'}",2,0,0.4184,,,,,,,,,
dukungan untuk asian games terbatas . ini status satu kampung aku yang merasa kecewa . ri nahrawi,2,dukungan untuk asian games terbatas ini status satu kampung aku yang merasa kecewa ri nahrawi,1.0,2,[0.0142 0.0074 0.9784],2,[0.0698 0.0634 0.8669],{'status': 'status'},2,1,0.3529,,,,,,,,,
"tugas tv sctv itu untuk menghibur rakyat indonesia , bukan malah membuat rakyat indonesia kecewa , jangan selalu uang yang kalian pikirkan pak .",2,tugas tv sctv itu untuk menghibur rakyat Indonesia bukan malah membuat rakyat Indonesia kecewa jangan selalu uang yang kalian pikirkan pak,1.0000001192092896,2,[0.0198 0.0062 0.9741],2,[0.0778 0.0308 0.8914],"{'uang': 'uang', 'indonesia': 'Indonesia'}",2,0,0.3853,,,,,,,,,
"kami warga khusus sumatera , kalimantan , dan papua sangat kecewa dengan cara penyiaran asian games cabor sepak bola . jangan bagikan alasan bahwa itu adalah aturan dari oympic bila bola . itu adalah alasan basi memang kami bodoh apa !",2,kami warga khusus sumatera kalimantan dan papua sangat kecewa dengan cara trasmissione asian games cabor sepak bola jangan bagikan alasan bahwa itu adalah aturan dari oympic bila bola itu adalah alasan basi memang kami bodoh apa,0.9960557222366332,2,[0.0098 0.0026 0.9876],2,[0.0133 0.0033 0.9834],"{'cabor': 'cabor', 'kecewa': 'kecewa', 'penyiaran': 'trasmissione', 'bola': 'bola'}",2,2,0.4452,,,,,,,,,
"sebagai resmi broadcast , saya merasa kecewa dengan karena selain siaran yang di acak , iklan pop naik yang menutupi layar , juga tidak menayangkan pertandingan lainn nya . bahkan , menjelang asian games masih banyak sinetron reguler daripada tayangan asian games .",2,sebagai resmi broadcast saya merasa kecewa dengan karena selain siaran yang di acak iklan pop naik yang menutupi layar juga tidak menayangkan pertandingan lainn nya bahkan menjelang asian games masih banyak sinetron reguler daripada tayangan asian games,1.0000001192092896,2,[0.0115 0.0014 0.9872],2,[0.0169 0.0057 0.9774],"{'kecewa': 'kecewa', 'menayangkan': 'menayangkan', 'siaran': 'siaran', 'broadcast': 'broadcast'}",2,0,0.4413,,,,,,,,,
"rakyat indonesia lebih kecewa , ini bukan settingan kayak sinetron . ini asli , rakyat indonesia kecewa tidak bisa nonton asian games . ingat , sctv bisa menjadi besar sekarang karena rakyat indonesia bukan india . atau sinetron tidak jelas .",2,rakyat Indonesia lebih kecewa ini bukan settingan kayak sinetron ini asli rakyat Indonesia kecewa tidak bisa nonton asian games ingat sctv bisa menjadi besar sekarang karena rakyat Indonesia bukan india atau sinetron tidak jelas,1.0000001192092896,2,[0.0078 0.0016 0.9907],2,[0.0098 0.0018 0.9885],"{'asli': 'asli', 'indonesia': 'Indonesia', 'rakyat': 'rakyat'}",2,0,0.4345,,,,,,,,,
saya secara pribadi tetap tidak setuju dengan semua jenis ajakan . apalagi untuk timnas yang main . kalau liga-liga top eropa apa yang lain silakan saya tidak menonton juga tidak mengapa . tapi ini timnas . kita tetap meminta ta pak dan pak nahrawi,2,saya secara pribadi tetap tidak setuju dengan semua jenis ajakan apalagi untuk timnas yang main kalau top eropa apa yang lain silakan saya tidak menonton juga tidak mengapa tapi ini timnas kita tetap meminta ta pak dan pak nahrawi,0.9983695149421692,2,[0.0635 0.0166 0.9198],2,[0.0793 0.0207 0.9001],"{'setuju': 'setuju', 'silakan': 'silakan'}",2,0,0.4499,,,,,,,,,
"saya tidak peduli milo dan kokokrunch duo lebih mahal / murah mana , anak saya kecewa sarapan tidak sesuai keinginan nya",2,saya tidak cura milo dan kokokrunch duo lebih mahal murah mana anak saya kecewa sarapan tidak sesuai keinginan nya,0.9804946184158324,2,[0.014  0.0025 0.9834],2,[0.0621 0.0058 0.9321],"{'mahal': 'mahal', 'peduli': 'cura'}",2,2,0.3647,,,,,,,,,
"saya sebagai aktifis pecinta beruang indonesia apbi , dengan ini merasa kecewa kepada pt nestle . kenapa iklan nya sangat menipu .",2,saya sebagai aktifis pecinta beruang indonesia apbi dengan ini merasa kecewa kepada pt nestle kenapa iklan nya sangat menipu,1.0,2,[0.0063 0.0017 0.992 ],2,[0.01   0.0035 0.9865],"{'kecewa': 'kecewa', 'menipu': 'menipu'}",2,0,0.369,,,,,,,,,
kecewa sama promo yang diadakan id dan sepertinya setengah-setengah sekali kasih promo ivoucher 50 ribu tiap beli 5box dancow 1 800 gr . huft . harus nya tidak usah kasih promo kalau tidak niat .,2,kecewa sama promo yang diadakan id dan sepertinya sekali kasih promo ivoucher 50 ribu tiap beli 5box dancow 1 800 gr huft harus nya tidak usah kasih promo kalau tidak niat,0.9952858686447144,2,[0.0108 0.0014 0.9878],2,[0.0153 0.0034 0.9813],"{'kecewa': 'kecewa', 'ivoucher': 'ivoucher', 'niat': 'niat', 'huft': 'huft'}",2,0,0.3897,,,,,,,,,
aku kecewa . tadi pergi kfc dapat wedges macam tidak niat dibuat nya . sudah begitu memberi mayones nya berantakan banget .,2,aku kecewa tadi pergi kfc dapat wedges macam tidak niat dibuat nya sudah begitu memberi mayones nya disordinato banget,0.9858600497245787,2,[5.300e-03 9.000e-04 9.939e-01],2,[0.0077 0.0011 0.9913],"{'berantakan': 'disordinato', 'niat': 'niat'}",2,2,0.3616,,,,,,,,,
kfc chizza apa banget . tidak jelas rasanya . rasanya ingin buntut kfc buat mengembalikan uang gue . kecewa .,2,kfc chizza apa banget tidak jelas rasanya rasanya ingin buntut kfc buat mengembalikan uang gue kecewa,1.0000001192092896,2,[0.0091 0.0012 0.9897],2,[0.006  0.0017 0.9923],{'kecewa': 'kecewa'},2,2,0.3153,,,,,,,,,
"aku belajar satu perkara tentang pengharapan . kalau kita berharap pada tuhan , memang tak akan kecewa . kalau kita berharap pd kfc , barulah kecewa sangat .",2,aku belajar satu perkara tentang pengharapan kalau kita berharap pada tuhan memang tak akan kecewa kalau kita berharap pd kfc barulah kecewa sangat,1.0,2,[0.0587 0.0062 0.9351],2,[0.1948 0.0205 0.7847],"{'tuhan': 'tuhan', 'berharap': 'berharap'}",2,0,0.3982,,,,,,,,,
"itu tadi saya cancel , soal nya kantor saya juga sudah tutup . semoga tidak kejadian seperti ini lagi , karena selama saya order di pd baru pertama kali menemukan hal yang seperti ini , kecewa sih .",2,itu tadi saya cancel soal nya kantor saya juga sudah tutup semoga tidak kejadian seperti ini lagi karena selama saya order di pd baru pertama kali menemukan hal yang seperti ini kecewa sih,1.0,2,[0.0087 0.0013 0.99  ],2,[0.0114 0.0038 0.9848],"{'kecewa': 'kecewa', 'sih': 'sih'}",2,0,0.4118,,,,,,,,,
dari sejujur nya saya sangat kecewa dengan kenyataan dari menangguhkan dengan alasan masalah kewangan berpunca dari kerajaan lama . cari la solusi baru bukan tangguh dan tanding jari . bagaimana nasib kami yang kurang mampu untuk memiliki sarjana dan pd ? kena korek duit tabung ?,2,dari sejujur nya saya sangat kecewa dengan kenyataan dari menangguhkan dengan alasan masalah kewangan berpunca dari kerajaan lama ricerca la solusi baru bukan tangguh dan tanding jari bagaimana nasib kami yang kurang mampu untuk memiliki sarjana dan pd kena korek duit tabung,0.9943770170211792,2,[0.0041 0.0011 0.9948],2,[0.0055 0.0015 0.9931],"{'kecewa': 'kecewa', 'cari': 'ricerca', 'kenyataan': 'kenyataan', 'jari': 'jari'}",2,2,0.4263,,,,,,,,,
gue paling suka cebong pada mengawal . ketua kpk ? wkwkkwk ahok mengurus laporan keuangan saja amburadul . tidak pernah dapat wtp . 5 tahun bos . sudahlah saya sudah terlanjur kecewa dengan dia .,2,gue paling suka cebong pada mengawal ketua kpk wkwkkwk ahok mengurus laporan keuangan saja amburadul tidak pernah dapat wtp 5 tahun bos sudahlah saya sudah terlanjur kecewa dengan dia,1.0,2,[0.0055 0.0013 0.9932],2,[0.0066 0.0015 0.9919],"{'wkwkkwk': 'wkwkkwk', 'amburadul': 'amburadul', 'ahok': 'ahok'}",2,2,0.3941,,,,,,,,,
"saya sih tidak suka tsb tapi dengan diperiksa nya atas laporan lama ini bukti nyata bahwa kpk itu alat politik , alat penguasa . bubarkan saja !",2,saya sih tidak suka tsb tapi dengan diperiksa nya atas laporan lama ini bukti nyata bahwa kpk itu alat politik alat penguasa disperdere saja,0.993332862854004,2,[0.0055 0.0021 0.9924],2,[0.0067 0.003  0.9903],"{'bubarkan': 'disperdere', 'kpk': 'kpk'}",2,2,0.3889,,,,,,,,,
"kenapa saya tidak suka sama elit-elit pks yang sekarang ? karena elit-elit yang sekarang adalah yang ngumpet di bawah meja saat elit-elit terdahulu zaman am berdarah2 pertahankan pks dari badai kpk . giliran mereka berkuasa , elit am malah disingkirkan .",2,kenapa saya tidak suka sama pks yang sekarang karena yang sekarang adalah yang ngumpet di bawah meja saat terdahulu zaman am berdarah2 pertahankan pks dari badai kpk giliran mereka berkuasa elit am malah disingkirkan,0.9923861026763916,2,[0.0072 0.0017 0.9912],2,[0.0113 0.0025 0.9862],"{'am': 'am', 'giliran': 'giliran', 'kpk': 'kpk'}",2,0,0.4148,,,,,,,,,
ini orang suka banget pidato sama . resmikan acara . tidak suka kerja . si wakil nya cuma cengeh-cengehan disamping . benar-benar badut,2,ini orang suka banget pidato sama resmikan acara tidak suka kerja si wakil nya cuma disamping badut,0.9845991134643556,2,[0.0063 0.0011 0.9926],2,[0.0264 0.0064 0.9671],"{'pidato': 'pidato', 'badut': 'badut'}",2,0,0.3528,,,,,,,,,
charger masih benar buat telepon genggam lain . cuma sama xiao mi saya suka tidak cocok . yang saya bawa tiap hari lebih cocok . padahal charger asus . malah charger ori xiaomi nya tidak enak,2,charger masih benar buat telepon genggam lain cuma sama xiao mi saya suka tidak cocok yang saya bawa tiap hari lebih cocok padahal charger asus malah charger ori xiaomi nya tidak enak,1.0,2,[0.0184 0.0019 0.9796],2,[0.0156 0.0017 0.9828],"{'enak': 'enak', 'cocok': 'cocok', 'nya': 'nya'}",2,0,0.4198,,,,,,,,,
"dulu aku sempat pengin ganti handphone juga . pertimbangan ku itu oppo f5 , vivo v7 , sama xiaomi mi a1 . mereka bertiga dari spesifikasi dan harga mirip mirip . tapi terus aku eliminasi xiaomi mi a1 , karena dia slot nya hybrid . aku tidak suka .",2,dulu aku sempat pengin ganti handphone juga pertimbangan ku itu oppo f5 vivo v7 sama xiaomi mi a1 mereka bertiga dari spesifikasi dan harga mirip mirip tapi terus aku eliminasi xiaomi mi a1 karena dia slot nya hybrid aku tidak suka,1.0,2,[0.0095 0.0036 0.9869],2,[0.0414 0.0256 0.933 ],"{'suka': 'suka', 'nya': 'nya', 'slot': 'slot', 'hybrid': 'hybrid'}",2,0,0.4378,,,,,,,,,
"menyesal tidak sih ganti handphone , dari iphone 7 ke samsung s8 ?: hmm , 75 % menyesal . kurang enak buat pakai s8 , dari segi camera lebih suka ip7 , dari segi performa juga ip7 , batre juga tidak beda jauh banget . lalu , s8 ini juga agak sering melar , padahal cuma buka instagram saja . ckck",2,rimpiangere tidak sih ganti handphone dari iphone 7 ke samsung s8 hmm 75 rimpiangere kurang enak buat pakai s8 dari segi camera lebih suka ip7 dari segi performa juga ip7 batre juga tidak beda jauh banget lalu s8 ini juga agak sering melar padahal cuma buka instagram saja ckck,0.9942468404769896,2,[0.0213 0.0019 0.9768],2,[0.1837 0.0147 0.8016],"{'enak': 'enak', 'menyesal': 'rimpiangere', 'ganti': 'ganti', 'melar': 'melar', 'ckck': 'ckck'}",2,0,0.4677,,,,,,,,,
ada yang pakai samsung a8 tidak ? dan suara nya suka mati-mati begitu kalau tidak pakai headset . misalnya setel musik nanti sura nya kedengaran nya kayak pause2 1 detik begitu padahal masih jalan . agak sering itu aku . sebel deh .,2,ada yang pakai samsung a8 tidak dan suara nya suka begitu kalau tidak pakai headset misalnya setel musik nanti sura nya kedengaran nya kayak pause2 1 detik begitu padahal masih jalan agak sering itu aku sebel ok,0.9900825619697572,2,[0.0143 0.0026 0.9831],2,[0.0785 0.0092 0.9124],"{'sebel': 'sebel', 'deh': 'ok'}",2,2,0.4286,,,,,,,,,
saya sangat kecewa dengan pihak sales promotion toyota . saya menang hadiah samsung gear sport tetapi di kasih nya gear s2 yang jelas-jelas harga beda jauh . nama nya satria after sales promotion dia bilang sudah bersyukur saja nama nya juga hadiahlah kok begitu .,2,saya sangat kecewa dengan pihak sales promotion toyota saya menang hadiah samsung gear sport tetapi di kasih nya gear s2 yang prezzo beda jauh nama nya satria after sales promotion dia bilang sudah bersyukur saja nama nya juga hadiahlah kok begitu,0.9917888641357422,2,[0.0089 0.0018 0.9894],2,[0.0542 0.01   0.9359],"{'nama': 'nama', 'toyota': 'toyota', 'harga': 'prezzo', 'hadiah': 'hadiah'}",2,2,0.4251,,,,,,,,,
id my s8 eror . lagi . hang . atau apapun nama nya . selama 3 jam lebih ? kirain cuma hang biasa selama 1 atau 2 menit but ini adalah crazy . kecewa parah pokok nya .,2,id my s8 eror lagi hang atau apapun nama nya selama 3 jam lebih indovinare cuma hang biasa selama 1 atau 2 menit but ini adalah crazy kecewa parah pokok nya,0.994059681892395,2,[0.0073 0.0013 0.9914],2,[0.008  0.0039 0.9881],"{'kecewa': 'kecewa', 'parah': 'parah', 'kirain': 'indovinare', 'crazy': 'crazy'}",2,2,0.3855,,,,,,,,,
"kecewa sama iphone8 , kalah politik dengan samsung .. saat nya hijrah ke samsung iphone 8 iphone x",2,kecewa sama iphone8 kalah politik dengan samsung saat nya hijrah ke samsung iphone 8 iphone x,1.0000001192092896,2,[0.0111 0.0122 0.9767],2,[0.0119 0.0197 0.9683],"{'nya': 'nya', 'samsung': 'samsung'}",2,2,0.3521,,,,,,,,,
aku kecewa dengan iphone . aku pakai ip4s ini lama gila .,2,aku kecewa dengan iphone aku pakai ip4s ini lama gila,1.0,2,[0.0068 0.0016 0.9916],2,[0.0042 0.001  0.9947],{'kecewa': 'kecewa'},2,0,0.3173,,,,,,,,,
cukuplah sekali aku pernah kecewa dengan lenovo .,2,cukuplah sekali aku pernah kecewa dengan lenovo,1.0,2,[0.0357 0.018  0.9463],2,[0.0623 0.0249 0.9128],{'lenovo': 'lenovo'},2,0,0.3317,,,,,,,,,
kemarin banget dengar cerita ini . wajar dong kalau saya kecewa dengan samsung . saya merasa tertipu . saya tidak dapat apa yang dijanjikan di awal .,2,kemarin banget dengar cerita ini wajar dong kalau saya kecewa dengan samsung saya merasa tertipu saya tidak dapat apa yang dijanjikan di awal,1.0000001192092896,2,[0.0071 0.0011 0.9918],2,[0.0083 0.0013 0.9904],{'tertipu': 'tertipu'},2,0,0.3757,,,,,,,,,
aku sudah 2x pakai samsung 2x kecewa . aku menyesal . aku tidak ingin pakai handphone merek itu lagi !,2,aku sudah 2x pakai samsung 2x kecewa aku rimpiangere aku tidak ingin pakai handphone merek itu lagi,0.9925202131271362,2,[0.0035 0.0012 0.9954],2,[0.006  0.0022 0.9918],{'menyesal': 'rimpiangere'},2,2,0.3506,,,,,,,,,
samsung galaxy s6 . standar fon samsung ini . bila sampai satu peringkat . dia akan lagi dijuragan sendiri nya . saya pengguna samsung yang kecewa .,2,samsung galaxy s6 standar fon samsung ini bila sampai satu peringkat dia akan lagi dijuragan sendiri nya saya pengguna samsung yang kecewa,1.0,2,[0.0075 0.0011 0.9914],2,[0.008  0.0016 0.9904],"{'kecewa': 'kecewa', 'dijuragan': 'dijuragan'}",2,0,0.3677,,,,,,,,,
kecewa dengan specs desain galaxy s5 . tidak sesuai dengan harapan . terlalu biasa saja .,2,kecewa dengan specs desain galaxy s5 tidak sesuai dengan harapan terlalu biasa saja,1.0,2,[0.0149 0.0021 0.983 ],2,[0.0509 0.0045 0.9446],{'kecewa': 'kecewa'},2,2,0.3385,,,,,,,,,
"kecewa banget sama id pusat servis pi . kan kita spent waktu untuk ke sini , tidak dikasih solusi . masa harus bolak balik .",2,kecewa banget sama id pusat servis pi kan kita spent waktu untuk ke sini tidak dikasih soluzione masa harus bolak balik,0.9826315641403198,2,[4.600e-03 9.000e-04 9.945e-01],2,[0.0066 0.0011 0.9923],"{'kecewa': 'kecewa', 'solusi': 'soluzione'}",2,2,0.3735,,,,,,,,,
"baru sadar , bahwa selama ini ternyata saya bukan apple penggemar . saya adalah umat stevejob yang kecewa karena apple kalah inovasi oleh samsung .",2,baru sadar bahwa selama ini ternyata saya bukan apple penggemar saya adalah umat stevejob yang kecewa karena apple kalah inovasi oleh samsung,1.0000001192092896,2,[0.0122 0.0038 0.984 ],2,[0.0134 0.0054 0.9811],"{'kecewa': 'kecewa', 'umat': 'umat'}",2,2,0.3893,,,,,,,,,
"kecewa aku dengan desain s4 , samsung ketandusan ide ! kenapa bisa perusahaan besar itu keilangan akal . mungkin isi orang-orang nya hanya orang biasa saja .",2,kecewa aku dengan desain s4 samsung ketandusan ide kenapa bisa perusahaan besar itu keilangan akal mungkin isi nya hanya orang biasa saja,0.99185049533844,2,[0.0069 0.0012 0.9918],2,[0.0068 0.0012 0.992 ],"{'orang': 'orang', 'perusahaan': 'perusahaan'}",2,2,0.3953,,,,,,,,,
samsung galaxy s saya sudah diluncurkan semalam . saya kecewa desain nya standar banget . ekspektasi saya cuma terwujud 70 % . percuma terbawa sampai mimpi .,2,samsung galaxy s saya sudah diluncurkan semalam saya kecewa desain nya standar molto ekspektasi saya cuma terwujud 70 percuma terbawa sampai mimpi,0.9734009504318236,2,[0.0078 0.0011 0.9911],2,[0.0098 0.0022 0.9881],"{'kecewa': 'kecewa', 'banget': 'molto', 'semalam': 'semalam'}",2,0,0.3693,,,,,,,,,
hotel mau cek in aja ribet bersihkan kamar lama banget kecewa dah . ini pertama kalinya gue ke sana . terus langsung dikasih first impression yang tidak bagus .,2,hotel mau cek in aja ribet bersihkan kamar lama banget kecewa dah ini pertama kalinya gue ke sana terus langsung dikasih primo impression yang tidak Buono,0.9709867238998412,2,[6.700e-03 8.000e-04 9.926e-01],2,[0.0072 0.001  0.9919],"{'first': 'primo', 'bagus': 'Buono', 'kecewa': 'kecewa'}",2,2,0.3721,,,,,,,,,
"sebagai indomie goreng mania , saya merasa kecewa kalau mendapati ternyata bumbu jebol di dalam kemasan , kudu bagaimana nek ngene ini ? gaduh . tidak profesional banget .",2,sebagai indomie goreng mania saya merasa kecewa kalau mendapati ternyata bumbu jebol di dalam kemasan kudu bagaimana nek ngene ini gaduh tidak professionale banget,0.9902042150497437,2,[0.0103 0.0011 0.9886],2,[0.0165 0.0017 0.9818],"{'profesional': 'professionale', 'kudu': 'kudu'}",2,2,0.3782,,,,,,,,,
"kecewa dengan kualitas barang dari depan kantor , chitato expired masih dijual untung aku masih baik . tadinya ingin lapor .",2,kecewa dengan kualitas barang dari depan kantor chitato expired masih dijual untung aku masih baik tadinya ingin lapor,1.0,2,[0.0082 0.0014 0.9905],2,[0.0139 0.0018 0.9842],{'kecewa': 'kecewa'},2,0,0.3641,,,,,,,,,
"kecewa berat . baru tahu pop mie goreng sudah discontinue ya ? why ???!!!! padahal itu enak banget , terbaik .",2,kecewa berat baru tahu pop mie goreng sudah discontinue ya why padahal itu enak banget terbaik,1.0000001192092896,2,[0.1686 0.0066 0.8248],2,[0.2415 0.0087 0.7499],"{'pop': 'pop', 'discontinue': 'discontinue'}",2,0,0.345,,,,,,,,,
client kita komplain kami pun sangat kecewa . paling tidak bisa jujur jika tidak bisa tepat waktu untuk antar dari wtc ke indofood tower .,2,client kita komplain kami pun sangat kecewa paling tidak bisa jujur jika tidak bisa tepat waktu untuk antar dari wtc ke indofood tower,1.0,2,[0.0043 0.0014 0.9943],2,[0.0058 0.0023 0.9919],{'jujur': 'jujur'},2,2,0.3612,,,,,,,,,
selesai juga bikin surat pengunduran diri . dah ah tinggal tidur saja . besok pagi tinggal pergi ke gudang indofood sangat kecewa .,2,selesai juga bikin surat pengunduran diri dah ah tinggal tidur saja besok pagi tinggal pergi ke gudang indofood sangat kecewa,1.0000001192092896,2,[0.0044 0.0011 0.9945],2,[0.0042 0.0022 0.9936],"{'kecewa': 'kecewa', 'gudang': 'gudang', 'tidur': 'tidur'}",2,0,0.3541,,,,,,,,,
indofood tukang bohong -- dapat pulsa dari mi 20.000 tetapi tidak di tanggepin kecewa tidak mau beli produk indofood lagi ah . kecewa . kecewa .,2,indofood tukang bohong dapat pulsa dari mi tetapi tidak di tanggepin kecewa tidak mau beli produk indofood lagi ah kecewa kecewa,0.9729264378547668,2,[0.0084 0.0017 0.9899],2,[0.0099 0.0016 0.9884],{'kecewa': 'kecewa'},2,2,0.3584,,,,,,,,,
"sumpah aku sedih banget dan kagol , popmie favorit aku sudah tidak ada lagi kecewa indofood aku itu padahal hampir setiap hari makan itu .",2,sumpah aku sedih molto dan kagol popmie favorit aku sudah tidak ada lagi kecewa indofood aku itu padahal hampir setiap hari makan itu,0.9905067086219788,2,[0.0359 0.0037 0.9604],2,[0.2825 0.0173 0.7002],{'banget': 'molto'},2,0,0.3659,,,,,,,,,
"kecewa sama indofood , kata nya di sini tulisan nya sambal abc ekstra pedas tapi biro biro pedas , manis mah iya ini - . - tidak asik ah",2,kecewa sama indofood kata nya di sini scrivere nya sambal abc ekstra pedas tapi biro biro pedas manis mah iya ini tidak asik ah,0.9904910326004028,2,[0.0096 0.0015 0.9889],2,[0.0096 0.0024 0.988 ],"{'biro': 'biro', 'tulisan': 'scrivere'}",2,0,0.3608,,,,,,,,,
dengan ini saya nyatakan kecewa dengan indofood ! masa di indomie soto saya bubuk cabai nya kosong ! hak saya dihilangkan !,2,dengan ini saya nyatakan kecewa dengan indofood masa di indomie soto saya bubuk cabai nya kosong hak saya dihilangkan,1.0,2,[0.0044 0.0015 0.994 ],2,[0.0035 0.0015 0.995 ],"{'kecewa': 'kecewa', 'bubuk': 'bubuk'}",2,2,0.3436,,,,,,,,,
"kecewa sama supir taxi masa menara indofood dibilang shangrila hotel , kalau memang tidak tahu ada baiknya tanya !",2,kecewa sama supir taxi masa menara indofood dibilang shangrila Hotel kalau memang tidak tahu ada baiknya tanya,1.0000001192092896,2,[0.0102 0.0043 0.9855],2,[0.0179 0.016  0.9661],{'hotel': 'Hotel'},2,2,0.3488,,,,,,,,,
"gimana ya antara kecewa atau sekadar deh sama r di indofood , karena pas rendang keluar itu heboh mampus enak nya enggak ketolongan . new varian noods din triliun capture dat magic .",2,"gimana ya antara kecewa atau sekadar deh sama r di indofood , karena pas rendang keluar itu heboh mampus enak nya enggak ketolongan . new varian noods din triliun capture dat magic .",1.0,0,[0.5491 0.0229 0.4279],0,[0.5491 0.0229 0.4279],,0,0,0.1,,,,,,,,,
"kecewa sama sales teh kahuripan . tawarkan produk maksa harus beli , sampai ngancem enggak bakal dikasih tiket / kupon mudik .",2,kecewa sama sales teh kahuripan tawarkan produk maksa harus beli sampai ngancem enggak bakal dikasih tiket kupon mudik,1.0,2,[0.0064 0.0015 0.9921],2,[0.0059 0.0031 0.991 ],"{'kecewa': 'kecewa', 'maksa': 'maksa'}",2,2,0.3524,,,,,,,,,
saya sangat kecewa dengan klaim mobil saya . an . karpito . serena b 1764 toz . mohon penjelasan dari pihak bca karena hak dalam polis saya tidak dipenuh . jangan merugikan orang lain .,2,saya sangat kecewa dengan klaim mobil saya an karpito serena b 1764 toz mohon penjelasan dari pihak bca karena hak dalam polis saya tidak dipenuh jangan merugikan orang lain,1.0,2,[0.0071 0.0102 0.9827],2,[0.0134 0.041  0.9456],"{'kecewa': 'kecewa', 'dipenuh': 'dipenuh', 'hak': 'hak'}",2,1,0.3925,,,,,,,,,
"kecewa dengan xl , sudah 2 bulan berturut-berturut gagal debet ke kartu kredit bca status kartu normal padahal bulan-bulan sebelumnya lancar . malah suruh datang ke gerai xl , buat apa ada pusat panggilan !",2,kecewa dengan xl sudah 2 bulan gagal debet ke kartu kredit bca status kartu normal padahal sebelumnya lancar malah suruh datang ke gerai xl buat apa ada pusat panggilan,0.9936112761497498,2,[0.0037 0.0014 0.995 ],2,[0.0051 0.0029 0.992 ],"{'kecewa': 'kecewa', 'xl': 'xl'}",2,2,0.385,,,,,,,,,
"sampai saat ini benar-benar enjoy deh pakai . tapi tadi kita coba cash kembali 50 % sunday ya nonton bioskop , di xxi epicentrum cuma bisa pkk debit bca saja . tidak bisa pakai kartu lain . penonton kecewa deh . __sad__",2,sampai saat ini enjoy ok pakai tapi tadi kita coba cash kembali 50 sunday ya nonton bioskop di xxi epicentrum cuma bisa pkk debit bca saja tidak bisa pakai kartu lain spettatore kecewa ok,0.975844144821167,2,[0.0472 0.0037 0.9491],2,[0.0378 0.0105 0.9517],"{'kecewa': 'kecewa', 'penonton': 'spettatore', 'deh': 'ok', 'bioskop': 'bioskop'}",2,0,0.4046,,,,,,,,,
"sungguh kecewa dengan pelayanan bca , khusus nya baca finance wtc mg 2 . pelayanan ovet kredit yang sungguh mengecewakan . sudah hampir 1 bulan lebih belum ada kabar juga , bahkan saya sudah membayar 2x tagihan cicilan masih belum ada kabar juga . tanya ke marketing juga respon nya tidak ada .",2,serio kecewa dengan pelayanan bca khusus nya baca finance wtc mg 2 pelayanan ovet kredit yang serio deludente sudah hampir 1 bulan lebih belum ada kabar juga bahkan saya sudah membayar 2x tagihan cicilan masih belum ada kabar juga tanya ke marketing juga respon nya tidak ada,0.9872645735740662,2,[0.003  0.0012 0.9958],2,[0.0033 0.0028 0.9939],"{'mengecewakan': 'deludente', 'kecewa': 'kecewa', 'kredit': 'kredit', 'sungguh': 'serio'}",2,2,0.4478,,,,,,,,,
sedang proses penukaran produk karena awam pertama kali urusan dengan blibli . maka pt bca tbk menyampaikan catatan ini serius . sangat kecewa keberatan karena tidak ada itikad baik .,2,sedang proses penukaran produk karena awam pertama kali urusan dengan blibli maka pt bca tbk menyampaikan catatan ini serius sangat kecewa keberatan karena tidak ada itikad baik,1.0,2,[0.0047 0.0018 0.9935],2,[0.0053 0.0033 0.9914],"{'kecewa': 'kecewa', 'keberatan': 'keberatan', 'itikad': 'itikad'}",2,2,0.3502,,,,,,,,,
seperti yang sudah saya mention sebelumnya pak romi . data saya diketahui semuanya . oh iya . jikalau tutup akun bagaimana ya ? dan meminta semua data saya yang di bca tidak tersimpan lagi . saya kecewa . ingin tutup akun bca saja biar tidak terjadi seperti ini lagi .,2,seperti yang sudah saya mention sebelumnya pak romi data saya diketahui semuanya oh S jikalau tutup akun bagaimana ya dan meminta semua data saya yang di bca tidak tersimpan lagi saya kecewa ingin tutup akun bca saja biar tidak terjadi seperti ini lagi,0.9968599081039428,2,[0.0042 0.0017 0.9941],2,[0.0098 0.0041 0.9861],"{'kecewa': 'kecewa', 'tersimpan': 'tersimpan', 'iya': 'S'}",2,0,0.4264,,,,,,,,,
"sebagai nasabah bank bca yang sudah lebih dari 10th , saya merasa kecewa . bca tidak dapat memberikan keamanan kepada nasabah nya . bagaimana bisa uang di rekening saya habis . terjadi transaksi berkali-kali di tanggal 19 20 mei kemarin yang bukan dilakukan oleh saya .",2,sebagai nasabah bank bca yang sudah lebih dari 10th saya merasa kecewa bca tidak dapat memberikan keamanan kepada nasabah nya bagaimana bisa uang di rekening saya habis terjadi transaksi di tanggal 19 20 mei kemarin yang bukan dilakukan oleh saya,0.997244358062744,2,[0.0045 0.001  0.9944],2,[0.0057 0.0018 0.9925],"{'kecewa': 'kecewa', 'keamanan': 'keamanan', 'bca': 'bca'}",2,0,0.4229,,,,,,,,,
"apl ini sangat membantu sekali dengan memberikan kemudahan dalam pesan tiket to bepergian ke mana pun , sehingga saya tidak harus keluar lagi to mmbli tiket , semoga aplikasi ini selalu lncar ya setiap x melakukan pemesanan .",0,apl ini sangat membantu sekali dengan memberikan kemudahan dalam pesan tiket to bepergian ke mana pun sehingga saya tidak harus keluar lagi to mmbli tiket semoga aplikasi ini selalu ricerca ya setiap x melakukan pemesanan,0.9934742450714112,0,[0.9957 0.0014 0.0029],0,[0.9953 0.0019 0.0028],"{'bepergian': 'bepergian', 'lncar': 'ricerca', 'apl': 'apl'}",0,0,0.4051,,,,,,,,,
"dua kali sudah teman saya bookingkan tiket lewat aplikasi ini bagus-bagus saja . tidak sampai 2 mnit , kode booking nya langsung dikirimkan . mantap .",0,dua kali sudah teman saya bookingkan tiket lewat aplikasi ini saja tidak sampai 2 mnit kode booking nya langsung dikirimkan mantap,0.995966613292694,0,[9.976e-01 7.000e-04 1.700e-03],0,[0.9875 0.0036 0.0088],{'langsung': 'langsung'},0,0,0.3569,,,,,,,,,
"alhamdulillahirrabil allamin , menggunakan aplikasi ini mudah . paling suka adalah penukaran poin sebagai pembayaran tiket bisa dilakukan dengan mudah , simpel dan terpercaya .",0,alhamdulillahirrabil allamin menggunakan aplikasi ini mudah paling suka adalah penukaran poin sebagai pembayaran tiket bisa dilakukan dengan mudah simpel dan terpercaya,1.0,0,[9.977e-01 8.000e-04 1.500e-03],0,[0.9971 0.0016 0.0013],"{'alhamdulillahirrabil': 'alhamdulillahirrabil', 'suka': 'suka'}",0,0,0.3595,,,,,,,,,
sempat agak takut pesan tiket pesawat di sini karena ulasan yang lain . tapi ingat teman pernah beli di sini lancar saja . akhirnya memesan pas banget di tfansfer cuma hitungan detik e tiket dikirim terima kasih lo . terima kasih promo nya lumayan . jadi lumayan untung .,0,sempat agak takut pesan tiket pesawat di sini karena ulasan yang lain tapi ingat teman pernah beli di sini lancar saja akhirnya memesan pas molto di tfansfer cuma hitungan detik e tiket dikirim terima kasih lo terima kasih promo nya lumayan jadi lumayan untung,0.992353081703186,0,[9.972e-01 9.000e-04 1.900e-03],0,[0.996  0.0013 0.0027],"{'banget': 'molto', 'tfansfer': 'tfansfer', 'pesan': 'pesan', 'pas': 'pas', 'detik': 'detik'}",0,0,0.4348,,,,,,,,,
aplikasi yang sangat membantu dalam setiap perjalan saya . memuaskan pokok nya . segera coba .,0,aplikasi yang sangat membantu dalam setiap perjalan saya memuaskan pokok nya segera coba,1.0,0,[0.9953 0.0014 0.0033],0,[0.9947 0.0013 0.004 ],{'memuaskan': 'memuaskan'},0,0,0.3493,,,,,,,,,
"menyenangkan menggunakan aplikasi ini . selain sangat lengkap , aplikasi ini juga sangat rinci . yang paling menyenangkan adalah banyak promo nya .",0,menyenangkan menggunakan aplikasi ini selain sangat lengkap aplikasi ini juga sangat dettaglio yang paling menyenangkan adalah banyak promo nya,0.9908547401428224,0,[9.976e-01 6.000e-04 1.800e-03],0,[9.968e-01 6.000e-04 2.500e-03],{'rinci': 'dettaglio'},0,0,0.3559,,,,,,,,,
dari dulu pas liburan saya selalu memesan hotel pakai tiket.com . untuk gaji yang saat-saat an seperti saya dan bisa dapat hotel bintang 5 cup ! wow banget enggak iniihh . apalagi ada tonight deals kita bisa dapatkan diskon sampai 50 % kalau pesan hotel di atas jam 6 malam . sudah pasti makin nikmat pas liburan ditambah lagi bisa istirahat di hotel bintang 5 yang nyaman dengan harga yang murah . terima kasih tiket.com .,0,dari dulu pas liburan saya selalu memesan hotel pakai untuk gaji yang an seperti saya dan bisa dapat hotel bintang 5 cup wow molto enggak iniihh apalagi ada tonight deals kita bisa dapatkan diskon sampai 50 kalau pesan hotel di atas jam 6 malam sudah pasti makin nikmat pas liburan ditambah lagi bisa istirahat di hotel bintang 5 yang nyaman dengan harga yang murah terima kasih,0.9908242225646972,0,[9.972e-01 6.000e-04 2.200e-03],0,[9.973e-01 6.000e-04 2.100e-03],"{'deals': 'deals', 'banget': 'molto', 'iniihh': 'iniihh', 'liburan': 'liburan', 'nikmat': 'nikmat', 'ditambah': 'ditambah'}",0,0,0.5652,,,,,,,,,
sumpah . suka banget . sudah limit nya lama . bonus tixpoint nya luar binasaah . tiket ke jakarta bisa dapat diskon 150 ribu .,0,sumpah suka banget sudah limit nya lama bonus tixpoint nya luar binasaah tiket ke jakarta bisa dapat diskon 150 ribu,1.0,0,[9.955e-01 8.000e-04 3.700e-03],0,[0.9861 0.002  0.0119],"{'diskon': 'diskon', 'bonus': 'bonus'}",0,0,0.3591,,,,,,,,,
mantap . paling murah dan banyak bonus nya . apa ini bagus banget proses nya cepat saya kasi bintang 5 . aku makin suka kamu .,0,mantap paling murah dan banyak bonus nya apa ini bagus banget proses nya cepat saya kasi bintang 5 aku makin suka kamu,1.0,0,[9.963e-01 7.000e-04 3.000e-03],0,[9.965e-01 6.000e-04 2.900e-03],"{'suka': 'suka', 'mantap': 'mantap'}",0,0,0.358,,,,,,,,,
"bisa memilih penerbangan . selain itu , cukup mudah dalam bertransaksi . lengkap aplikasi nya !",0,bisa memilih penerbangan selain itu cukup mudah dalam bertransaksi lengkap aplikasi nya,1.0,0,[0.9937 0.0033 0.003 ],0,[0.9639 0.0303 0.0058],{'nya': 'nya'},0,0,0.3806,,,,,,,,,
banyak promo dan aplikasi mudah digunakan . proses sangat cepat . dan juga aplikasi nya bagus dan tidak rumit .,0,banyak promo dan aplikasi mudah digunakan proses sangat cepat dan juga aplikasi nya Buono dan tidak rumit,0.9866275191307068,0,[9.977e-01 8.000e-04 1.500e-03],0,[9.977e-01 8.000e-04 1.500e-03],{'bagus': 'Buono'},0,0,0.3543,,,,,,,,,
"saya suka beli tiket di tiket.com . oke banget , sangat membantu , respon nya cepat . yang pasti sangat memudahkan traveling saya .",0,saya suka beli tiket di oke banget sangat membantu respon nya cepat yang pasti sangat memudahkan traveling saya,0.9937138557434082,0,[9.976e-01 8.000e-04 1.600e-03],0,[9.977e-01 7.000e-04 1.600e-03],"{'cepat': 'cepat', 'suka': 'suka'}",0,0,0.3699,,,,,,,,,
"tiket.com sangat terpercaya . harga murah . lancar , praktis , efektif , dan efisien .",0,sangat terpercaya harga murah lancar praktis efektif dan efisien,0.9725608825683594,0,[9.972e-01 9.000e-04 1.900e-03],0,[0.997  0.0011 0.0019],{'praktis': 'praktis'},0,0,0.3487,,,,,,,,,
sangat puas dengan pelayanan nya tiket . com . selalu bokong tiket pesawat dari sini dan yang bikin nyaman nya kalau ada kslhan nm atau data lain bisa cepat diperbaiki dan tidak bikin ribet . terima kasih .,0,sangat puas dengan pelayanan nya tiket com selalu bokong tiket pesawat dari sini dan yang bikin comodo nya kalau ada kslhan nm atau data lain bisa cepat diperbaiki dan tidak bikin complicato terima kasih,0.9879056215286256,0,[9.972e-01 8.000e-04 2.000e-03],0,[0.9963 0.001  0.0027],"{'ribet': 'complicato', 'nyaman': 'comodo', 'kslhan': 'kslhan', 'nm': 'nm'}",0,0,0.4189,,,,,,,,,
saya selalu pesan tiket pesawat maupun kereta di sini . harga lebih murah . berbeda dengan aplikasi lain .,0,saya selalu pesan tiket pesawat maupun kereta di sini harga lebih murah berbeda dengan aplikasi lain,1.0,0,[0.9431 0.0174 0.0396],0,[0.991  0.0057 0.0033],{'murah': 'murah'},0,0,0.3645,,,,,,,,,
"hotel ini adalah salah satu hotel yang wajib dikunjungi kalau buka puasa bareng , tempat nya menarik , mewah , staf nya ramah , makanan nya banyaakk jenis nya , menu nya komplet , dan suasana nya sangat menyenangkan tempat yang sangat indah .",0,hotel ini adalah salah satu hotel yang wajib dikunjungi kalau buka puasa bareng tempat nya menarik mewah staf nya amichevole makanan nya banyaakk jenis nya menù nya komplet dan suasana nya sangat menyenangkan tempat yang sangat indah,0.9833701848983764,0,[9.979e-01 6.000e-04 1.500e-03],0,[9.979e-01 6.000e-04 1.500e-03],"{'banyaakk': 'banyaakk', 'ramah': 'amichevole', 'suasana': 'suasana', 'menu': 'menù', 'nya': 'nya'}",0,0,0.4118,,,,,,,,,
"saya menginap dua malam bersama keluarga , secara keseluruhan hotel nya sangat bagus , bersih , fasilitas hotel lengkap , breakfast nya pun enak-enak , dan tentunya suasana hotel yang sejuk dan nyaman . cocok untuk pilihan menginap bersama keluarga .",0,saya menginap dua malam bersama keluarga secara keseluruhan hotel nya sangat bagus bersih fasilitas hotel lengkap breakfast nya pun dan tentunya suasana hotel yang freddo dan nyaman cocok untuk pilihan menginap bersama keluarga,0.988306164741516,0,[9.978e-01 6.000e-04 1.600e-03],0,[9.978e-01 7.000e-04 1.500e-03],"{'suasana': 'suasana', 'breakfast': 'breakfast', 'fasilitas': 'fasilitas', 'sejuk': 'freddo'}",0,0,0.3975,,,,,,,,,
"proses cek in cepat , staf nya ramah dan helpfully . lingkungan hotel sangat asri , sejuk dan tenang . amenities di kamar lengkap . terdapat kampung ramadhan untuk berbuka dengan begitu banyak pilihan makanan yang siap memanjakan lidah . terbaik tempat untuk staf when kamu visi bandung .",0,proses cek in cepat staf nya amichevole dan helpfully lingkungan hotel sangat asri sejuk dan tenang amenities di kamar lengkap terdapat kampung ramadhan untuk berbuka dengan begitu banyak pilihan makanan yang siap memanjakan lidah terbaik tempat untuk staf when kamu visi bandung,0.9957119226455688,0,[9.98e-01 7.00e-04 1.40e-03],0,[9.979e-01 6.000e-04 1.500e-03],"{'berbuka': 'berbuka', 'ramah': 'amichevole', 'asri': 'asri', 'memanjakan': 'memanjakan', 'helpfully': 'helpfully'}",0,0,0.4295,,,,,,,,,
"kami memakai berenam dan memakai 2 kamar . kamar besar dan bersih . breakfast nya enak , banyak varian nya , dan aneka segar juice . pelayanan sangat baik terutama pelayanan di restoran . sangat memuaskan . rekomendasi !",0,kami memakai berenam dan memakai 2 kamar kamar besar dan bersih breakfast nya enak banyak varian nya dan aneka segar juice pelayanan sangat baik terutama pelayanan di restoran sangat memuaskan rekomendasi,1.0,0,[9.981e-01 6.000e-04 1.300e-03],0,[9.981e-01 7.000e-04 1.200e-03],"{'varian': 'varian', 'berenam': 'berenam', 'aneka': 'aneka', 'enak': 'enak'}",0,0,0.386,,,,,,,,,
"melahirkan di rs hermina jatinegara sangat direkomendasikan . fasilitas lengkap , seperti fetotermal , perina , nicu , klinik tumbuh kembang , senam hamil , dan pmo . selain itu , hermina juga sangat pro asi dan imd . ditambah lagi semua kamar itu rooming in dengan bayi nya .",0,melahirkan di rs hermina jatinegara sangat consigliato fasilitas lengkap seperti fetotermal perina nicu klinik tumbuh kembang senam hamil dan pmo selain itu hermina juga sangat pro asi dan imd ditambah lagi semua kamar itu rooming in dengan bayi nya,0.9965683817863464,0,[0.9979 0.001  0.0011],0,[0.9974 0.0013 0.0013],"{'direkomendasikan': 'consigliato', 'hermina': 'hermina', 'fetotermal': 'fetotermal', 'imd': 'imd', 'pmo': 'pmo'}",0,0,0.4878,,,,,,,,,
"kalau regis di rs hermina , banyak keuntungan yang didapat pasien . keuntungan nya antara lain kemudahan saat hari h melahirkan . selain itu , banyak juga gratisan nya , seperti gratis senam hamil , gratis kursus prenatal , gratis senam nifas , gratis kursus pijat bayi , dan masih banyak lagi . asik deh pokok nya .",0,kalau regis di rs hermina banyak keuntungan yang didapat pasien keuntungan nya antara lain kemudahan saat hari h melahirkan selain itu banyak juga gratisan nya seperti gratis senam hamil gratis kursus prenatal gratis senam nifas gratis kursus pijat bayi dan masih banyak lagi Assorbito ok albero nya,0.9874897599220276,0,[9.98e-01 8.00e-04 1.20e-03],0,[0.9952 0.0033 0.0015],"{'prenatal': 'prenatal', 'asik': 'Assorbito', 'pokok': 'albero', 'gratisan': 'gratisan', 'deh': 'ok'}",0,0,0.4508,,,,,,,,,
"menurut ku , rumah sakit harapan kita itu rekomendasi . selain bisa rooming , suster nya juga membantu . soal biaya tidak usah khawatir karena pasti terjangkau .",0,menurut ku rumah sakit harapan kita itu rekomendasi selain bisa rooming suster nya juga membantu soal biaya tidak usah khawatir karena pasti terjangkau,1.0,0,[0.9967 0.001  0.0023],0,[0.9938 0.0017 0.0045],"{'rooming': 'rooming', 'terjangkau': 'terjangkau'}",0,0,0.3623,,,,,,,,,
"asik banget pakai traveloka , diskon hotel sampai satu jutaan ! kita bisa langsung cek promo kemerdekaan . banyak harga spesial hotel untuk berbagai hotel di dalam negeri . seneng deh .",0,asik banget pakai traveloka diskon hotel sampai satu jutaan kita bisa langsung cek promo kemerdekaan banyak harga spesial hotel untuk berbagai hotel di dalam nazione seneng deh,0.9953275918960572,0,[9.975e-01 8.000e-04 1.700e-03],0,[9.972e-01 8.000e-04 2.000e-03],"{'seneng': 'seneng', 'negeri': 'nazione', 'jutaan': 'jutaan'}",0,0,0.3718,,,,,,,,,
"kalau belanja di blibli.com tidak usah ragu . pertama , kita bisa leluasa memilih produk tanpa takut privasi kita terganggu . selain itu , kita juga dapat fasilitas pengiriman yang cepat dan gratis . bisa sambil sadar emat uang dan tenaga .",0,kalau belanja di tidak usah ragu pertama kita bisa gratuito memilih produk tanpa takut privasi kita terganggu selain itu kita juga dapat fasilitas pengiriman yang cepat dan gratis bisa sambil sadar emat uang dan tenaga,0.9900161623954772,0,[9.972e-01 8.000e-04 2.000e-03],0,[0.9971 0.0011 0.0018],"{'leluasa': 'gratuito', 'privasi': 'privasi', 'emat': 'emat'}",0,0,0.4072,,,,,,,,,
saya dukung ahok itu tidak ada hubungan nya dengan etnis dia atau agama ahok . bahkan saya tak tahu agama dia apa . saya dukung ahok karena saya suka fenomena baru dalam pemerintahan yang inovatif bersih dan banyak terobosan terobosan yang ia kerjakan dalam membangun pemerintahan .,0,saya dukung ahok itu tidak ada hubungan nya dengan etnis dia atau agama ahok bahkan saya tak tahu agama dia apa saya dukung ahok karena saya suka fenomena baru dalam pemerintahan yang inovatif bersih dan banyak terobosan terobosan yang ia kerjakan dalam membangun pemerintahan,1.0000001192092896,0,[0.9842 0.0047 0.0111],0,[0.9709 0.0064 0.0226],"{'terobosan': 'terobosan', 'inovatif': 'inovatif', 'fenomena': 'fenomena'}",0,0,0.4439,,,,,,,,,
"spasi bambang , jangan suka mengkafirkan sesama muslim . lu bukan malaikat tanpa dosa . beda pilihan , beda pemahaman , oke itu hak lu . tetapi tidak harus mejelek - mejelekin orang lain juga . tidak suka cara lo yang kayak gini .",2,spasi bambang jangan suka mengkafirkan sesama muslim l bukan malaikat tanpa dosa beda pilihan beda pemahaman oke itu hak l tetapi tidak harus mejelek mejelekin orang lain juga tidak suka cara lo yang kayak gini,0.9809703230857848,2,[0.0122 0.0027 0.9851],2,[0.0419 0.0079 0.9502],"{'malaikat': 'malaikat', 'suka': 'suka', 'lu': 'l', 'dosa': 'dosa'}",2,0,0.4179,,,,,,,,,
"suka banget sama siti nurhaliza . suara nya , wajah nya , attitude nya , sempurna ! kayak nya cuma dia penyanyi yang tidak ada haters nya . paling suka dulu pas dia rilis album transkripsi , lupa tahun berapa , lagu-lagu nya semua jadi favorit ku . semoga bisa duet sama di dalam album !",0,suka banget sama siti nurhaliza suara nya wajah nya attitude nya sempurna kayak nya cuma dia penyanyi yang tidak ada haters nya paling suka dulu pas dia rilis album transkripsi lupa tahun berapa nya semua jadi favorit ku semoga bisa duet sama di dalam album,0.9986352920532228,0,[9.956e-01 9.000e-04 3.500e-03],0,[9.96e-01 9.00e-04 3.10e-03],"{'haters': 'haters', 'nurhaliza': 'nurhaliza', 'favorit': 'favorit', 'duet': 'duet', 'suka': 'suka'}",0,0,0.4456,,,,,,,,,
"kata dosen ku budaya korea itu kalau ada orang yang sudah baik sama mereka walaupun cuma sekali , mereka bakal balas kebaikan itu lebih banyak . maka dari itu mereka kalau memberi itu suka tidak muluk-muluk . seneng deh sama mereka .",0,kata dosen ku budaya korea itu kalau ada orang yang sudah baik sama mereka walaupun cuma sekali mereka bakal balas kebaikan itu lebih banyak maka dari itu mereka kalau memberi itu suka tidak seneng deh sama mereka,0.998351752758026,0,[0.9885 0.0026 0.0089],2,[0.0475 0.0059 0.9466],{},2,0,0.4246,,,,,,,,,
foto aku cuma modal kamera xiaomi : tetapi tetap suka !,0,foto aku cuma modal kamera xiaomi tetapi tetap suka,1.0,0,[0.9255 0.0401 0.0343],0,[0.9858 0.0076 0.0066],{'foto': 'foto'},0,0,0.3241,,,,,,,,,
"xiaomi ram - nya mantap , baterai awet juga . kamera depan nya juga lumayan . tidak menyesal beli ini .",0,xiaomi ram nya mantap baterai awet juga kamera depan nya juga lumayan tidak rimpiangere beli ini,0.9870648384094238,0,[9.969e-01 6.000e-04 2.500e-03],0,[9.946e-01 7.000e-04 4.700e-03],"{'menyesal': 'rimpiangere', 'awet': 'awet'}",0,0,0.3428,,,,,,,,,
"xiaomi . karena gue pakai xiaomi sekarang , sebelumnya oppo f1 . lebih suka xiaomi saja , baterai nya kuat . gue puas banget sih dengan xiaomi .",0,xiaomi karena gue pakai xiaomi sekarang sebelumnya oppo f1 lebih suka xiaomi saja baterai nya forte gue puas banget sih dengan xiaomi,0.9944387674331664,0,[0.9961 0.0012 0.0027],0,[0.9905 0.0028 0.0067],"{'puas': 'puas', 'kuat': 'forte', 'xiaomi': 'xiaomi'}",0,0,0.382,,,,,,,,,
"temen gue telepon genggam nya xiaomi yang 2 juta saja masih kembali . pas gue tanya kenapa dia beli itu padahal bisa saja di beli iphone , dia jawab karena dia suka karena spek nya . melebih iphone yang lo pandang ricuh itu .",0,"temen gue telepon genggam nya xiaomi yang 2 juta saja masih kembali . pas gue tanya kenapa dia beli itu padahal bisa saja di beli iphone , dia jawab karena dia suka karena spek nya . melebih iphone yang lo pandang ricuh itu .",1.0,2,[0.0634 0.014  0.9226],2,[0.0634 0.014  0.9226],,0,0,0.11,,,,,,,,,
"yang paling saya suka dari adalah . trully open source , sampai disediakan forum khusus . itu bikin nyaman banget , sih .",0,yang paling saya suka dari adalah trully open source sampai disediakan forum khusus itu bikin comodo banget sih,0.97733736038208,0,[0.9966 0.001  0.0024],0,[0.9923 0.0021 0.0056],"{'nyaman': 'comodo', 'suka': 'suka'}",0,0,0.3604,,,,,,,,,
agak nya xiaomi tidak main-main mau masuk pasar ponsel global . mantap ! saya selalu suka miui mereka : d,0,agak nya xiaomi tidak mau masuk pasar ponsel global mantap saya selalu suka miui mereka d,0.992726743221283,0,[0.9906 0.0023 0.0071],0,[0.6618 0.0207 0.3175],{'miui': 'miui'},0,0,0.3521,,,,,,,,,
tidak dapat apple aku tidak kecewa kok . yang penting samsung galaxy grand sudah di tangan ku sekarang . aku senang .,0,tidak dapat apple aku tidak kecewa kok yang penting samsung galaxy grand sudah di tangan ku sekarang aku senang,1.0000001192092896,0,[0.9924 0.0022 0.0054],0,[0.9867 0.0035 0.0098],{'kecewa': 'kecewa'},0,0,0.3837,,,,,,,,,
"terima kasih bapak presiden jokowi sudah hadir dan menginap di tengah-tengah kami warga lombok utara , kehadiran bapak menambah semangat kami untuk bangkit lagi",0,terima kasih bapak presiden jokowi sudah hadir dan menginap di kami warga lombok utara kehadiran bapak menambah semangat kami untuk bangkit lagi,0.990131139755249,0,[0.9903 0.0043 0.0054],0,[0.9895 0.0043 0.0062],"{'jokowi': 'jokowi', 'utara': 'utara'}",0,0,0.3646,,,,,,,,,
ketersediaan air adalah kunci ketahanan pangan kita . karena itulah pemerintah telah membangun 65 bendungan yang akan menjamin produksi pangan kita di masa depan . terima kasih pak !,0,ketersediaan air adalah kunci ketahanan pangan kita karena itulah pemerintah telah membangun 65 bendungan yang akan menjamin produksi pangan kita di masa depan terima amore pak,0.9691117405891418,0,[0.9842 0.011  0.0049],0,[0.8018 0.1737 0.0246],"{'kasih': 'amore', 'ketersediaan': 'ketersediaan'}",0,0,0.3725,,,,,,,,,
terima kasih bang atas apresiasi nya . semoga pak cepat menemui wakil kami korban phk sepihak freeport . bila perlu pak presiden agar masalah kami terselesaikan .,0,terima kasih bang atas apresiasi nya semoga pak cepat menemui wakil kami korban phk sepihak freeport bila perlu pak presiden agar masalah kami terselesaikan,1.0000001192092896,0,[0.9408 0.0361 0.0231],0,[0.9716 0.0167 0.0118],"{'apresiasi': 'apresiasi', 'terselesaikan': 'terselesaikan'}",0,1,0.392,,,,,,,,,
masyarakat papua dipastikan akan mendukung memilih jokowi saat pilpres 2019 karena masyarakat papua merasakan hasil pembangunan yang dicapai di era terima kasih pak,0,Pubblico papua dipastikan akan mendukung memilih jokowi saat pilpres 2019 karena Pubblico papua merasakan hasil pembangunan yang dicapai di era terima amore pak,0.9344419836997986,0,[0.9832 0.0112 0.0056],0,[0.8618 0.1141 0.0241],"{'kasih': 'amore', 'pembangunan': 'pembangunan', 'masyarakat': 'Pubblico'}",0,0,0.4048,,,,,,,,,
"beliau cinta rakyat , di cinta rakyat merakyat . terima kasih pak",0,beliau cinta rakyat di cinta rakyat populista terima kasih pak,0.982862651348114,0,[0.9794 0.0062 0.0144],0,[0.9443 0.0134 0.0423],{'merakyat': 'populista'},0,0,0.3539,,,,,,,,,
semoga bapak selalu sehat . semoga bapak bisa melanjutkan dua periode . amin . saya mendukung bapak .,0,semoga bapak selalu sehat semoga bapak bisa melanjutkan dua periode amin saya mendukung bapak,1.0,0,[0.9899 0.0049 0.0052],0,[0.9768 0.0111 0.0121],{'mendukung': 'mendukung'},0,1,0.3651,,,,,,,,,
terima kasih kepada anies baswedan dan diego uno atas komitmen nya untuk tidak meninggalkan jabatan gubernur dan wakil gubernur selama 5 tahun . saya bangga memilih kalian .,0,terima amore kepada anies baswedan dan diego uno atas komitmen nya untuk tidak meninggalkan jabatan gubernur dan wakil gubernur selama 5 tahun saya orgoglioso memilih kalian,0.9630807638168336,0,[0.9886 0.0064 0.0049],0,[0.9801 0.0117 0.0082],"{'bangga': 'orgoglioso', 'kasih': 'amore', 'terima': 'terima'}",0,0,0.3807,,,,,,,,,
karya-karya seperti itu layak menempati lokasi yang premium . indah dan klasik . saya suka . terima kasih pak anies,0,seperti itu layak menempati lokasi yang premium indah dan klasik saya suka terima kasih pak anies,0.9953157901763916,0,[0.9969 0.001  0.002 ],0,[0.9967 0.001  0.0023],"{'suka': 'suka', 'klasik': 'klasik'}",0,0,0.3447,,,,,,,,,
bagus dong pak . terima kasih sudah bergabung . alhamdulillah . sukses selalu,0,Buono dong pak terima kasih sudah bergabung alhamdulillah sukses selalu,0.972930669784546,0,[0.9861 0.006  0.0079],0,[0.9121 0.0567 0.0312],{'bagus': 'Buono'},0,0,0.3394,,,,,,,,,
terima kasih pak anies . sukses untuk anda . baru kali ini lihat trotoar jakarta yang lebar nya melebihi lapangan badminton . keren pak .,0,terima kasih pak anies sukses untuk anda baru kali ini lihat trotoar jakarta yang lebar nya melebihi lapangan badminton freddo pak,0.9843796491622924,0,[0.9944 0.0015 0.0041],0,[0.9864 0.0046 0.009 ],"{'keren': 'freddo', 'terima': 'terima'}",0,0,0.3502,,,,,,,,,
doa kami untuk mu bapak anies . semoga allah ridho engkau sukses bersama pak prabowo ri1 ri,0,doa kami untuk mu bapak anies semoga allah ridho engkau sukses bersama pak prabowo ri1 ri,1.0,0,[0.8176 0.0625 0.12  ],0,[0.9226 0.0472 0.0303],"{'prabowo': 'prabowo', 'sukses': 'sukses'}",0,0,0.3462,,,,,,,,,
terima kasih untuk buah karya mu di jakarta yang jadi sejuk santun bersama pak sandi juga pak anies,0,terima kasih untuk buah karya mu di jakarta yang jadi sejuk santun bersama pak sandi juga pak anies,1.0000001192092896,0,[0.9874 0.0053 0.0073],0,[0.9874 0.0053 0.0073],"{'anies': 'anies', 'sandi': 'sandi'}",0,0,0.3528,,,,,,,,,
gue paling suka pakai susu ultra yang lowfat . sumpah sih enak banget banget . malah gue cuma bisa menghabiskan indomie rebus kalau kuah nya diganti susu,0,gue paling suka pakai susu ultra yang lowfat sumpah sih enak banget banget malah gue cuma bisa menghabiskan indomie rebus kalau kuah nya diganti susu,1.0000001192092896,0,[9.96e-01 8.00e-04 3.20e-03],0,[9.962e-01 9.000e-04 2.800e-03],"{'enak': 'enak', 'sumpah': 'sumpah', 'kuah': 'kuah'}",0,0,0.3695,,,,,,,,,
"kenapa aku kok suka banget sama yang nama nya mi . apalagi mi indomie goreng dikasih kuah telur , berh ! rasanya mantap tjoy . pangsit di depan rumah gue aja kalah enak sama mi buatan aku sendiri .",0,kenapa aku kok suka banget sama yang nama nya mi apalagi mi indomie goreng dikasih kuah telur beh rasanya mantap tjoy pangsit di depan rumah gue aja kalah enak sama mi buatan aku sendiri,0.9957160353660583,0,[0.9881 0.0012 0.0108],0,[0.993  0.001  0.0061],"{'mantap': 'mantap', 'suka': 'suka', 'buatan': 'buatan', 'berh': 'beh'}",0,0,0.4043,,,,,,,,,
"sebenarnya lebih suka kari ayam sih kak , hehehe . tapi kalau label nya sudah indomie , apa saja masuk kok ke perut ku . karena aku penggemar berat indomie .",0,sebenarnya lebih suka kari ayam sih kak hehehe tapi kalau label nya sudah indomie apa saja masuk kok ke perut ku karena aku penggemar berat indomie,1.0,0,[0.9774 0.0042 0.0185],0,[0.8633 0.0189 0.1178],"{'penggemar': 'penggemar', 'masuk': 'masuk', 'suka': 'suka'}",0,0,0.3705,,,,,,,,,
"iya enak banget soal nya ; iya dong indomie mah teh terbaik . iya , lalu aku juga tidak suka orang yang padahal jelas-jelas dia salah dan harus nya minta maaf , tapi adem ayem saja sedangkan aku nya sudah menderita .",0,"iya enak banget soal nya ; iya dong indomie mah teh terbaik . iya , lalu aku juga tidak suka orang yang padahal jelas-jelas dia salah dan harus nya minta maaf , tapi adem ayem saja sedangkan aku nya sudah menderita .",1.0,2,[0.2876 0.0125 0.7   ],2,[0.2876 0.0125 0.7   ],,0,0,0.12,,,,,,,,,
"yang terhormat , saya suka banget sama indomie . mau minta boleh tidak . inovasiin bungkus minyak nya biar gampang dibuka pakai tangan dong supaya tidak bleweran ketika tidak ada gunting . terima kasih .",0,yang terhormat saya suka molto sama indomie mau minta boleh tidak inovasiin bungkus minyak nya biar gampang dibuka pakai tangan dong supaya tidak bleweran ketika tidak ada gunting terima kasih,0.989293932914734,0,[0.6866 0.0749 0.2385],0,[0.5479 0.2342 0.218 ],"{'banget': 'molto', 'gampang': 'gampang', 'nya': 'nya'}",0,0,0.3932,,,,,,,,,
yang saya suka dari chitato indomie . konsistensi mereka meng - eksplore rasa lokal . kesan nya indonesia banget .,0,yang saya suka dari chitato indomie konsistensi mereka meng eksplore rasa lokal kesan nya indonesia banget,1.0,0,[9.972e-01 7.000e-04 2.000e-03],0,[9.958e-01 9.000e-04 3.200e-03],"{'eksplore': 'eksplore', 'konsistensi': 'konsistensi'}",0,0,0.3434,,,,,,,,,
asus bagus . speaker - nya kencang kalau buat presentasi mayan . maka dari itu aku lebih milih asus dibanding yang lain .,0,asus bagus speaker nya kencang kalau buat presentasi mayan maka dari itu aku lebih milih asus dibanding yang lain,1.0000001192092896,0,[0.9304 0.0065 0.0631],0,[0.9902 0.0018 0.008 ],"{'nya': 'nya', 'asus': 'asus'}",0,0,0.3483,,,,,,,,,
"xiaomi redmi note 5 atau asus zenfone max pro m1 saja 2,5 jutaan . sudah pakai snapdragon636 , batre gede , update os terjamin , kamera bagus .",0,xiaomi redmi note 5 atau asus zenfone max pro m1 saja jutaan sudah pakai snapdragon636 batre gede update os terjamin kamera Buono,0.9834083318710328,0,[0.9958 0.0015 0.0027],1,[0.3547 0.6095 0.0358],"{'asus': 'asus', 'bagus': 'Buono', 'batre': 'batre'}",0,0,0.3573,,,,,,,,,
"kalau mau minum kopi , datangkan journey kopi records . ini kedai kopi anak musik banget . jualan kaset tape , cd , sampai vinyl ! yang punya juga paham sekali musik . kopi nya enak pol . teh terbaik !",0,kalau mau minum kopi datangkan journey kopi records ini kedai kopi anak musik banget jualan kaset tape cd sampai vinyl yang punya juga paham sekali musik kopi nya enak pol teh terbaik,1.0000001192092896,0,[9.977e-01 7.000e-04 1.600e-03],0,[9.965e-01 8.000e-04 2.700e-03],"{'enak': 'enak', 'kaset': 'kaset', 'nya': 'nya', 'kopi': 'kopi'}",0,0,0.398,,,,,,,,,
"aku lagi makan mangga potong ! aku suka banget buah mangga , besok kalau kepasar mau beli banyak-banyak lagi ah .",0,aku lagi makan mangga potong aku suka molto buah mangga besok kalau kepasar mau beli lagi ah,0.9766376614570618,0,[0.9931 0.0022 0.0047],0,[0.9842 0.0055 0.0102],"{'suka': 'suka', 'banget': 'molto'}",0,0,0.3444,,,,,,,,,
"jaemin itu soft banget hati nya . mudah tersentuh begitu , sayang banget sama nctzen juga . inti nya dia itu suka sama yang nama nya kasih sayang . itu kenapa aku suka banget sama dia .",0,jaemin itu soft banget hati nya mudah toccato begitu sayang banget sama nctzen juga inti nya dia itu suka sama yang nama nya kasih sayang itu kenapa aku suka banget sama dia,0.996429204940796,0,[9.954e-01 9.000e-04 3.700e-03],0,[0.9943 0.0011 0.0046],"{'jaemin': 'jaemin', 'tersentuh': 'toccato', 'nctzen': 'nctzen'}",0,0,0.3863,,,,,,,,,
"ingin rekomendasi saja buat yang tertarik kuliner bandung , bacang yang ada di jalan naripan sebelah hotel ibis styles ibis yang warna hijau . sungguh , seenak itu ! buka dari jam 5 sore sampai jam 3 dinihari kalau belum sekali . harga 8 ribu . cocok buat ajak orang tersayang nya .",0,ingin rekomendasi saja buat yang tertarik kuliner bandung bacang yang ada di jalan naripan sebelah hotel ibis styles ibis yang warna hijau sungguh seenak itu buka dari jam 5 sore sampai jam 3 dinihari kalau belum sekali harga 8 ribu cocok buat invito orang caro nya,0.9870668649673462,0,[9.979e-01 6.000e-04 1.500e-03],0,[9.977e-01 9.000e-04 1.400e-03],"{'cocok': 'cocok', 'ajak': 'invito', 'tersayang': 'caro', 'kuliner': 'kuliner', 'naripan': 'naripan', 'styles': 'styles'}",0,0,0.4524,,,,,,,,,
"kuliner pertama yang harus dicoba itu ketan jompo . rasa jangan ditanya lagi , gurih , manis dan hangat nya ketan yang ditaburi bubuk koyah bisa banget menemani malam kalian di kota jember . harga nya juga murah , cuma tiga ribu . suka banget .",0,kuliner pertama yang harus dicoba itu ketan jompo rasa jangan ditanya lagi gustoso manis dan hangat nya ketan yang spruzzato bubuk koyah bisa banget menemani malam kalian di kota jember harga nya juga murah cuma tiga ribu suka banget,0.9957404136657716,0,[9.979e-01 5.000e-04 1.600e-03],0,[9.974e-01 6.000e-04 2.000e-03],"{'bubuk': 'bubuk', 'gurih': 'gustoso', 'koyah': 'koyah', 'ditaburi': 'spruzzato'}",0,0,0.4271,,,,,,,,,
di jember itu ada tempat makan enak . nama nya warung bakaran mbak vivi . makanan nya enak-enak . bakaran nya itu pas banget matang nya . dan yang paling penting nya harga nya murah sekali untuk makanan seenak itu .,0,di jember itu ada tempat makan enak nama nya warung bakaran mbak vivi makanan nya bakaran nya itu pas molto matang nya dan yang paling penting nya harga nya murah sekali untuk makanan seenak itu,0.992182195186615,0,[9.979e-01 5.000e-04 1.500e-03],0,[9.974e-01 6.000e-04 2.000e-03],"{'murah': 'murah', 'banget': 'molto', 'enak': 'enak', 'nya': 'nya'}",0,0,0.405,,,,,,,,,
"gue baru pertama kali ke tempat makan nama nya ayam rempah jember . rasanya bisa diadu sama makanan-makanan enak kelas atas . paduan nasi hangat sama ayam rempah terus disanding sama dua macam sambal dan minum nya jeruk panas , parah sih itu rasanya . ketagihan . bikin ingin lagi dan lagi dan lagi .",0,gue baru pertama voltaico ke tempat makan nama nya ayam rempah jember rasanya bisa diadu sama enak kelas atas paduan nasi hangat sama ayam rempah terus disanding sama dua macam sambal dan minum nya jeruk piccante parah sih itu rasanya ketagihan bikin ingin lagi dan lagi dan lagi,0.9876788258552552,0,[0.697 0.007 0.296],0,[9.965e-01 7.000e-04 2.700e-03],"{'ketagihan': 'ketagihan', 'bikin': 'bikin', 'paduan': 'paduan', 'kali': 'voltaico', 'panas': 'piccante'}",0,0,0.4709,,,,,,,,,
di jember ada juga makanan nama nya tahu telur bangka . waktu itu belum pernah nyobain makanan yang begituan . eh sekali nya mencoba gue langsung jatuh cinta . top !,0,di jember ada juga makanan nama nya tahu telur bangka waktu itu belum pernah nyobain makanan yang begituan eh sekali nya mencoba gue langsung jatuh cinta top,1.0000001192092896,0,[9.963e-01 8.000e-04 2.900e-03],0,[0.9936 0.0015 0.0048],"{'begituan': 'begituan', 'nyobain': 'nyobain', 'jember': 'jember'}",0,0,0.3869,,,,,,,,,
pujasera okm semanggi itu salah satu tempat makan yang lagi populer di jember . asik banget buat nongkrong . wifi - nya juga kencang . kayak nya sih bakal sering-sering ke sana .,0,pujasera okm semanggi itu salah satu tempat makan yang lagi populer di jember Assorbito banget buat uscire wifi nya juga stretto kayak nya sih bakal ke sana,0.9756970405578612,0,[9.979e-01 6.000e-04 1.500e-03],0,[0.9952 0.0018 0.003 ],"{'nongkrong': 'uscire', 'asik': 'Assorbito', 'kencang': 'stretto'}",0,0,0.3776,,,,,,,,,
haha . yang baru-baru sih sudah tidak begitu terlihat absurd nya . yang rog baru malah logo mata doang keren jadi nya . lenovo legion yang baru malah lebih-lebih lagi elegan nya . kalau saya pribadi sih suka .,0,haha yang sih sudah tidak begitu terlihat absurd nya yang rog baru malah logo mata doang keren jadi nya lenovo legion yang baru malah lagi elegan nya kalau saya pribadi sih suka,0.995356261730194,0,[0.9881 0.0013 0.0106],0,[0.9823 0.0022 0.0155],"{'suka': 'suka', 'absurd': 'absurd', 'elegan': 'elegan'}",0,0,0.3905,,,,,,,,,
"buat gue kece banget lenovo itu . saking kece nya , layar laptop lenovo yoga 920 bisa ditekuk 360 derajat ! keren banget . memang benar sih , kadang different adalah lebih baik .",0,buat gue kece molto lenovo itu saking kece nya layar laptop lenovo yoga 920 bisa ditekuk 360 derajat keren molto memang benar sih kadang different adalah lebih baik,0.9590086340904236,0,[0.9528 0.0027 0.0444],2,[0.4548 0.0262 0.519 ],"{'banget': 'molto', 'nya': 'nya'}",0,0,0.3763,,,,,,,,,
"ultra milk ini luv banget ya . sekali nya ngeluarin flavor baru , dua-dua nya favorit ku . tapi ku lebih sayang sama yang karamel sih .",0,ultra milk ini amore molto ya sekali nya ngeluarin flavor baru nya favorit ku tapi ku lebih sayang sama yang karamel sih,0.9714206457138062,0,[0.9705 0.0031 0.0264],0,[0.9273 0.0097 0.0629],"{'luv': 'amore', 'banget': 'molto', 'karamel': 'karamel'}",0,0,0.3571,,,,,,,,,
big cola itu enak banget . aku suka . dia tidak jauh beda enak nya dengan minuman cola lain . ditambah dia itu harga nya lebih murah . luv banget buat orang yang suka cola kayak aku .,0,big cola itu enak molto aku suka dia tidak jauh diverso enak nya dengan minuman cola lain ditambah dia itu harga nya lebih murah amore molto buat orang yang suka cola kayak aku,0.9716140031814576,0,[9.977e-01 5.000e-04 1.800e-03],0,[9.959e-01 7.000e-04 3.400e-03],"{'luv': 'amore', 'beda': 'diverso', 'banget': 'molto', 'orang': 'orang'}",0,0,0.4027,,,,,,,,,
"dulu saya haus , setelah ke indomaret dan membeli big cola haus saya hilang , gila rasanya enak banget . sejak saat itu jadi keterusan suka minumkan big cola .",0,dulu saya haus setelah ke indomaret dan membeli big cola haus saya hilang gila rasanya enak molto sejak saat itu jadi keterusan suka minumkan big cola,0.9893608689308168,0,[0.82   0.0144 0.1656],0,[0.8363 0.0195 0.1441],"{'indomaret': 'indomaret', 'banget': 'molto'}",0,0,0.3833,,,,,,,,,
"bca keren banget sih pelayanan nya . selain itu , dia mikirin karyawan nya banget . setiap hari saja karyawan nya dapat cemilan popcorn . salut sama pemimpinan nya . bukan cuma mikirin kenyamanan pelanggan , tapi juga karyawan .",0,bca freddo molto sih pelayanan nya selain itu dia mikirin karyawan nya molto setiap hari saja karyawan nya dapat spuntini popcorn salut sama pemimpinan nya bukan cuma mikirin kenyamanan pelanggan tapi juga karyawan,0.9655532240867616,0,[9.956e-01 8.000e-04 3.600e-03],0,[0.9816 0.0029 0.0155],"{'cemilan': 'spuntini', 'keren': 'freddo', 'bca': 'bca', 'banget': 'molto'}",0,0,0.3933,,,,,,,,,
sumpah big cola jauh banget lebih enak daripada coca cola ! tidak terlalu manis dan tidak menyisakan pait di mulut seperti coke zero . wkwk norak ya gue baru mencoba . tapi asli enak banget .,0,sumpah big cola jauh banget lebih enak daripada coca cola tidak terlalu manis dan tidak menyisakan pait di mulut seperti coke zero sett norak S gue baru mencoba tapi asli enak banget,0.9900602698326112,0,[0.9401 0.0023 0.0576],0,[0.9526 0.0021 0.0453],"{'enak': 'enak', 'asli': 'asli', 'wkwk': 'sett', 'ya': 'S'}",0,0,0.394,,,,,,,,,
aku sayang banget sama susu ultramilk . rasanya tiap ke indomaret tidak pernah tidak beli susu itu . enak . ketagihan .,0,aku sayang banget sama susu ultramilk rasanya tiap ke indomaret tidak pernah tidak beli susu itu enak ketagihan,1.0000001192092896,0,[9.966e-01 8.000e-04 2.600e-03],0,[9.959e-01 9.000e-04 3.200e-03],{'ketagihan': 'ketagihan'},0,0,0.3621,,,,,,,,,
oppo f7 menurut gue mantap banget sih . mulai dari kamera depan nya yang bersih . terus layar nya penuh display pakai gorilla glass 5 . lalu kamera belakang nya naik tingkat banget dari yang sebelumnya . tidak menyesal gue beli ini hp .,0,oppo f7 menurut gue mantap banget sih mulai dari kamera depan nya yang Pulire terus layar nya penuh display pakai gorilla glass 5 lalu kamera belakang nya naik tingkat banget dari yang sebelumnya tidak rimpiangere gue beli ini hp,0.9921799898147584,0,[9.953e-01 7.000e-04 4.000e-03],0,[0.9888 0.0013 0.0099],"{'menyesal': 'rimpiangere', 'mantap': 'mantap', 'bersih': 'Pulire', 'gorilla': 'gorilla'}",0,0,0.4325,,,,,,,,,
sarapan nya enak dan pilihan nya lumayan banyak . kamar baik . ac - nya juga dingin . hotel aston gue rekomendasikan sih buat kalian-kalian yang mau menginap di hotel .,0,sarapan nya enak dan scelta nya lumayan banyak kamar baik ac nya juga dingin hotel aston gue rekomendasikan sih buat yang mau menginap di hotel,0.9880785942077636,0,[9.979e-01 6.000e-04 1.500e-03],0,[9.977e-01 6.000e-04 1.700e-03],"{'sarapan': 'sarapan', 'aston': 'aston', 'pilihan': 'scelta'}",0,0,0.3738,,,,,,,,,
"ini , ya , menurut gue tentang hotel aston itu , pertama staf hotel tanggap , cepat dan ramah . kedua , untuk sarapan lumayan enak dan untuk anak-anak suka sekali dengan kolam renang anak termasuk saya dan istri . ketiga yang pasti bersih .",0,ini ya menurut gue tentang hotel aston itu pertama staf hotel tanggap cepat dan amichevole kedua untuk sarapan lumayan enak dan untuk suka sekali dengan kolam renang anak termasuk saya dan istri ketiga yang pasti bersih,0.9932812452316284,0,[9.978e-01 6.000e-04 1.700e-03],0,[9.975e-01 6.000e-04 2.000e-03],"{'sarapan': 'sarapan', 'suka': 'suka', 'ramah': 'amichevole'}",0,0,0.4455,,,,,,,,,
kolam renang di hotel aston bikin tidak mau berenti berenang . nyaman banget . air nya bersih . tempat bilas nya nyaman .,0,kolam renang di hotel aston bikin tidak mau berenti nuoto nyaman molto air nya bersih tempat bilas nya nyaman,0.9445263147354126,0,[9.978e-01 5.000e-04 1.600e-03],0,[9.923e-01 7.000e-04 7.000e-03],"{'banget': 'molto', 'berenang': 'nuoto', 'berenti': 'berenti'}",0,0,0.3599,,,,,,,,,
wah keren ya persiapan bni . saya juga mendukung . semoga bisa berjalan lancar .,0,wah freddo ya persiapan bni saya juga mendukung semoga bisa berjalan lancar,0.9451831579208374,0,[0.9921 0.0027 0.0052],0,[0.9779 0.0084 0.0137],{'keren': 'freddo'},0,1,0.3528,,,,,,,,,
lebih enak lagi kalau nasi padang oreo momogi chocolatos . terus semua itu di campur di aduk pakai tangan ? baru dimakan . enak banget .,0,lebih enak lagi kalau nasi padang oreo momogi chocolatos terus semua itu di campur di aduk pakai tangan baru dimakan enak banget,1.0,0,[9.97e-01 7.00e-04 2.30e-03],0,[9.967e-01 9.000e-04 2.400e-03],"{'enak': 'enak', 'dimakan': 'dimakan'}",0,0,0.371,,,,,,,,,
sudah lama tidak minum ultra milk rasa stroberi . pas sekarang minum merasa enak sekali tidak tahu kenapa . ketagihan . rasanya ingin beli sekardus gede buat diminum sendiri .,0,sudah lama tidak minum ultra milk rasa stroberi pas sekarang minum merasa enak sekali tidak tahu kenapa ketagihan rasanya ingin beli sekardus gede buat diminum sendiri,1.0,0,[0.9927 0.0011 0.0062],0,[0.988  0.0019 0.0101],"{'enak': 'enak', 'sekardus': 'sekardus'}",0,0,0.3796,,,,,,,,,
"go jek makin sini makin keren deh . semoga makin baik ya dalam pelayanan dan aplikasi nya ya go car , go jek , dan go go lainnya . chiiiiirrs .",0,go jek makin sini makin keren deh semoga makin baik ya dalam pelayanan dan aplikasi nya ya go car go jek dan go go lainnya chiiiiirrs,1.0000001192092896,0,[0.949  0.006  0.0449],0,[0.955  0.0052 0.0398],"{'chiiiiirrs': 'chiiiiirrs', 'jek': 'jek'}",0,0,0.3776,,,,,,,,,
"go jek . kalian harus tetap ada , karena kami bukan sekadar butuh angkutan . kami juga butuh pelayanan yang prima seperti biasanya . saya sangat mendukung kalian .",0,go jek kalian harus tetap ada karena kami bukan sekadar butuh angkutan kami juga butuh pelayanan yang prima seperti biasanya saya sangat mendukung kalian,1.0,0,[0.9743 0.0058 0.0199],0,[0.9747 0.0062 0.0191],{'mendukung': 'mendukung'},0,0,0.3751,,,,,,,,,
saya senang di bali bagus pelayanan go-jek - nya . sangat terbantu dengan keberadaan nya . memang harus ada terus supaya pelayanan nya semakin memuaskan .,0,saya senang di Bali bagus pelayanan nya sangat terbantu dengan keberadaan nya memang harus ada terus supaya pelayanan nya semakin memuaskan,0.9952055215835572,0,[0.9956 0.0012 0.0032],0,[0.9933 0.0014 0.0053],"{'bali': 'Bali', 'terbantu': 'terbantu'}",0,0,0.3531,,,,,,,,,
kalau driver go jek tidak pelayanan prima meminta bungkus acar untuk mengambil saos tambahan hilang nafsu makan saya . bravo driver go jek .,0,kalau driver go jek tidak pelayanan prima meminta bungkus acar untuk mengambil saos tambahan hilang nafsu makan saya . bravo driver go jek .,1.0,2,[0.0105 0.0017 0.9878],2,[0.0105 0.0017 0.9878],,0,0,0.1,,,,,,,,,
banyak alasan saya bisa merasa puas dengan pelayanan go jek . go jek tidak pernah lepas dari tanggung jawab . itu adalah nilai plus yang belum tentu dimiliki oleh perusahaan yang lain .,0,banyak alasan saya bisa merasa puas dengan pelayanan go jek go jek tidak pernah gratuito dari tanggung jawab itu adalah nilai plus yang belum tentu dimiliki oleh perusahaan yang lain,0.9921149015426636,0,[0.9959 0.0011 0.003 ],0,[0.9912 0.0019 0.0069],"{'lepas': 'gratuito', 'jek': 'jek'}",0,0,0.3963,,,,,,,,,
go jek selalu jadi inspirasi untuk perusahaan-perusahaan di indonesia . pelayanan nya bravo . selalu berkembang setiap waktu dan memberi kemudahan bagi pelanggan .,0,go jek selalu jadi inspirasi untuk di indonesia pelayanan nya bravo selalu berkembang setiap waktu dan memberi convenienza bagi cliente,0.961117386817932,0,[9.971e-01 9.000e-04 2.000e-03],0,[0.9954 0.0012 0.0035],"{'kemudahan': 'convenienza', 'pelanggan': 'cliente'}",0,0,0.3675,,,,,,,,,
suka sama hotel ibis . dia selalu bikin inovasi buat menjaga kenyamanan pelanggan . selalu konsisten juga memberi pelayanan yang terbaik untuk tamu .,0,suka sama hotel ibis dia selalu bikin inovasi buat menjaga kenyamanan pelanggan selalu konsisten juga memberi pelayanan yang terbaik untuk tamu,1.0000001192092896,0,[9.975e-01 8.000e-04 1.700e-03],0,[9.968e-01 9.000e-04 2.300e-03],"{'suka': 'suka', 'ibis': 'ibis'}",0,0,0.3535,,,,,,,,,
"kepada yang terhormat ibu dari ayi djembarsari . selamat menunaikan tugas , bu , sebagai dirut rshs . semoga pelayanan rshs semakin baik . saya bangga kepada ibu .",0,kepada yang caro ibu dari ayi djembarsari selamat menunaikan tugas bu sebagai dirut rshs semoga pelayanan rshs semakin baik saya orgoglioso kepada ibu,0.9761848449707032,0,[0.994  0.0028 0.0032],0,[0.9721 0.0095 0.0184],"{'bangga': 'orgoglioso', 'terhormat': 'caro'}",0,0,0.376,,,,,,,,,
terima kasih atas saran yang kamu berikan kak . kami akan selalu berusaha untuk meningkatkan pelayanan kami untuk pengalaman belanja yang lebih menyenangkan ya .,0,terima kasih atas saran yang kamu berikan kak kami akan selalu berusaha untuk meningkatkan pelayanan kami untuk pengalaman belanja yang lebih menyenangkan ya,1.0,0,[0.994  0.0034 0.0026],0,[0.9934 0.0036 0.003 ],"{'belanja': 'belanja', 'menyenangkan': 'menyenangkan'}",0,0,0.3672,,,,,,,,,
"hai kak , terima kasih atas masukan kamu ya . saran kamu sangat berharga bagi kami . kami akan berupaya meningkatkan performa aplikasi dan pelayanan kami untuk pengalaman jual - beli yang selalu menyenangkan untuk kamu dan semua sobat shopee ya kak :",0,hai kak terima kasih atas masukan kamu ya saran kamu sangat berharga bagi kami kami akan berupaya meningkatkan performa aplikasi dan pelayanan kami untuk Esperienza jual beli yang selalu menyenangkan untuk kamu dan semua sobat shopee ya kak,0.99413800239563,0,[0.9919 0.0047 0.0034],0,[0.9941 0.0029 0.003 ],"{'menyenangkan': 'menyenangkan', 'shopee': 'shopee', 'pengalaman': 'Esperienza', 'pelayanan': 'pelayanan'}",0,0,0.4165,,,,,,,,,
"keleveru terbaik memang , dari kualitas , kuantitas , pelayanan pun terbaik . tidak salah pilih aku .",0,keleveru terbaik memang dari kualitas kuantitas pelayanan pun terbaik tidak salah pilih aku,1.0,0,[0.9955 0.001  0.0035],0,[9.941e-01 9.000e-04 4.900e-03],{'keleveru': 'keleveru'},0,0,0.3577,,,,,,,,,
cocok banget gue pakai shope . sudah mana ongkos kirim gratis . pengiriman juga aman dan lancar .,0,cocok molto gue pakai shope sudah mana ongkos kirim gratis pengiriman juga aman dan lancar,0.9703258275985718,0,[9.975e-01 8.000e-04 1.800e-03],0,[0.9971 0.0012 0.0018],"{'banget': 'molto', 'cocok': 'cocok'}",0,0,0.3527,,,,,,,,,
"alhamdulillah selama beli di lazada tidak pernah bermasalah . barang-barang nya lebih lucu-lucu . pelayanan juga lebih baik dari yang lain . sudah deh kalau beli apa-apa , aku mau beli di lazada saja .",0,alhamdulillah selama beli di lazada tidak pernah bermasalah nya lebih pelayanan juga lebih baik dari yang lain sudah deh kalau beli aku mau beli di lazada saja,0.98991596698761,0,[9.956e-01 8.000e-04 3.600e-03],0,[0.9907 0.0015 0.0077],"{'bermasalah': 'bermasalah', 'pelayanan': 'pelayanan'}",0,0,0.3753,,,,,,,,,
"karena shopee bukan barang shope , dia itu tempat belanjaan aku yang paling luar biasa ! pelayanan nya oke punya , disko nya banjir !",0,karena shopee bukan barang shope dia itu tempat belanjaan aku yang paling luar biasa pelayanan nya bene punya disko nya banjir,0.984211564064026,0,[0.7209 0.0094 0.2697],2,[0.3973 0.0228 0.5798],"{'oke': 'bene', 'pelayanan': 'pelayanan'}",0,0,0.3623,,,,,,,,,
"harus belanja di shopee karena shopee itu memberikan bukti pelayanan yang baik , bukan sekadar janji doang , seperti mantan itu",0,"harus belanja di shopee karena shopee itu memberikan bukti pelayanan yang baik , bukan sekadar janji doang , seperti mantan itu",1.0,2,[0.479  0.0249 0.4962],2,[0.479  0.0249 0.4962],,0,0,0.1,,,,,,,,,
harus belanja di shopee karena pelayanan dari shope itu benar benar memuaskan pelanggan dan takkan mengecewakan .,0,harus belanja di shopee karena pelayanan dari shope itu benar benar memuaskan pelanggan dan takkan mengecewakan,1.0000001192092896,0,[0.9948 0.0013 0.004 ],0,[0.9943 0.0013 0.0044],{'takkan': 'takkan'},0,0,0.3499,,,,,,,,,
karena hanya shope yang pelayanan nya memuaskan . diskon besar-besaran . barang nya juga pasti nya bermerek . mantap .,0,karena hanya shope yang pelayanan nya memuaskan diskon barang nya juga pasti nya bermerek mantap,0.9920081496238708,0,[9.977e-01 6.000e-04 1.700e-03],0,[0.9955 0.0012 0.0033],"{'mantap': 'mantap', 'memuaskan': 'memuaskan'}",0,0,0.3436,,,,,,,,,
shopee tidak pernah mengecewakan pelanggan selalu memberikan yang terbaik dalam pelayanan . pokok nya shopee selalu memberikan pelayanan dengan baik .,0,shopee tidak pernah deludente pelanggan selalu memberikan yang terbaik dalam pelayanan pokok nya shopee selalu memberikan pelayanan dengan baik,0.9853304624557496,0,[9.967e-01 8.000e-04 2.500e-03],0,[0.9953 0.0011 0.0036],{'mengecewakan': 'deludente'},0,0,0.3534,,,,,,,,,
"shopee itu pusat pembelanjaan online terpercaya dengan pelayanan yang memuaskan . yang paling menarik adalah pemberian diskon yang besar-besaran . aku suka , aku suka .",0,shopee itu pusat pembelanjaan online terpercaya dengan pelayanan yang memuaskan yang paling menarik adalah pemberian diskon yang aku suka aku suka,0.996188223361969,0,[9.974e-01 8.000e-04 1.800e-03],0,[0.9971 0.001  0.0019],"{'shopee': 'shopee', 'menarik': 'menarik'}",0,0,0.3576,,,,,,,,,
kalau ada permasalahan di toko pedia bisa langsung terselesaikan dengan mudah dan cepat . pelayanan nya juga jelas . pusat panggilan yang harus dihubungi juga selalu aktif . memuaskan !,0,kalau ada permasalahan di toko pedia bisa langsung terselesaikan dengan mudah dan cepat pelayanan nya juga jelas pusat panggilan yang harus dihubungi juga selalu aktif memuaskan,1.0,0,[9.976e-01 9.000e-04 1.500e-03],0,[0.9969 0.0013 0.0018],"{'terselesaikan': 'terselesaikan', 'memuaskan': 'memuaskan'}",0,0,0.3753,,,,,,,,,
marketplace pilihan gue ya tokopedia - lah . toko pedia itu selalu berusaha memberi pelayanan terbaik buat semua pengguna nya . kalau ada keluhan juga pasti langsung ditanggapi . salut .,0,marketplace pilihan gue ya tokopedia lah toko pedia itu selalu berusaha memberi pelayanan terbaik buat semua pengguna nya kalau ada keluhan juga pasti langsung ditanggapi salut,1.0000001192092896,0,[0.9955 0.0013 0.0032],0,[0.9935 0.0022 0.0043],"{'ditanggapi': 'ditanggapi', 'pedia': 'pedia', 'tokopedia': 'tokopedia'}",0,0,0.3794,,,,,,,,,
"senang sekali gue dengan pelayanan komplain di , di saat penjual tidak menggubris , tokopedia memberikan solusi dengan cepat , pasti nya dengan investigasi yang tidak berlarut-larut . ya walau harus berakhir dengan pengembalian dana dana . jadi gue tidak pernah bosan buat belanja di tokopedia .",0,senang sekali gue dengan pelayanan komplain di di saat penjual tidak menggubris tokopedia memberikan solusi dengan cepat pasti nya dengan investigasi yang tidak ya walau harus berakhir dengan pengembalian dana dana jadi gue tidak pernah bosan buat belanja di tokopedia,0.9974886178970336,0,[9.961e-01 8.000e-04 3.000e-03],0,[0.9942 0.0012 0.0046],"{'tokopedia': 'tokopedia', 'senang': 'senang', 'pengembalian': 'pengembalian'}",0,0,0.4346,,,,,,,,,
terima kasih atas tanggapan dari 2 keluhan yang saya alami mengenai hilang nya kuota data saya . terima kasih xl karena sudah betul-betul menanggapi dan memberikan solusi yang sangat memuaskan atas keluhan-keluhan saya . saya jadi merasa sangat terbantu,0,terima kasih atas tanggapan dari 2 keluhan yang saya alami mengenai hilang nya kuota data saya terima kasih xl karena sudah menanggapi dan memberikan soluzione yang sangat memuaskan atas saya saya jadi merasa sangat terbantu,0.9848604202270508,0,[0.9794 0.0119 0.0087],0,[0.958  0.0229 0.0191],"{'memuaskan': 'memuaskan', 'terbantu': 'terbantu', 'solusi': 'soluzione'}",0,0,0.4047,,,,,,,,,
"kemarin itu pertama kalinya mencoba fatmilo yang white milo . demi apa pun itu enak banget sih ampun aku itu tidak bisa berkata-berkata lagi ! enak banget , selera gue bangetlah !",0,kemarin itu pertama kalinya mencoba fatmilo yang white milo demi apa pun itu enak banget sih ampun aku itu tidak bisa lagi enak banget selera gue bangetlah,0.9980734586715698,0,[9.962e-01 7.000e-04 3.100e-03],0,[0.966  0.0026 0.0314],"{'selera': 'selera', 'ampun': 'ampun'}",0,0,0.389,,,,,,,,,
"satu hal yang gue suka banget dari masjid agung sunda kelapa adalah surga jajanan kaki lima di luar masjid . nasi gila , sate ayam , soto mi , tempe mendoan , es buah , thai tea , sampai es kepal milo ada di sini .",0,satu hal yang gue suka banget dari masjid agung sunda kelapa adalah surga jajanan kaki lima di luar masjid nasi gila sate ayam soto mi tempe mendoan es buah thai tea sampai es kepal milo ada di sini,1.0,0,[9.977e-01 8.000e-04 1.500e-03],0,[9.97e-01 9.00e-04 2.10e-03],"{'jajanan': 'jajanan', 'suka': 'suka', 'tempe': 'tempe', 'milo': 'milo', 'surga': 'surga'}",0,0,0.4129,,,,,,,,,
"ada yang suka makanin milo bubuk langsung dari saset nya tidak ? iya , sama . memang enak banget gimana gitu sih rasanya . gue bisa setelah lima bungkus sendiri .",0,ada yang suka makanin milo bubuk langsung dari saset nya tidak iya sama memang enak molto gimana gitu sih rasanya gue bisa setelah lima bungkus sendiri,0.992708384990692,0,[9.968e-01 9.000e-04 2.300e-03],0,[0.8927 0.0146 0.0927],"{'enak': 'enak', 'banget': 'molto', 'suka': 'suka'}",0,0,0.3775,,,,,,,,,
terima kasih kembali . oh iya garuda dan traveloka cepat respons . mantap dan keren .,0,terima kasih kembali oh iya garuda dan traveloka cepat respons mantap dan keren,1.0000001192092896,0,[0.9959 0.0012 0.0029],0,[0.992  0.0023 0.0057],"{'traveloka': 'traveloka', 'cepat': 'cepat'}",0,0,0.3446,,,,,,,,,
"mantap banget ikut kontribusi di google local guides . kemarin dapat voucher diskon traveloka , terus ini dapat tokocash tokopedia lagi . aku senang .",0,mantap banget ikut kontribusi di google local guides kemarin dapat voucher diskon traveloka terus ini dapat tokocash tokopedia lagi aku senang,1.0,0,[0.9968 0.001  0.0022],0,[0.995  0.0014 0.0037],"{'mantap': 'mantap', 'senang': 'senang'}",0,0,0.3533,,,,,,,,,
"wuih , ada yang baru di aplikasi nih . sekarang bisa pesan tiket bus ? mantap !",0,wuih ada yang baru di aplikasi nih sekarang bisa pesan tiket bus mantap,1.0,0,[0.9792 0.0044 0.0164],0,[0.9942 0.0023 0.0035],{'wuih': 'wuih'},0,1,0.336,,,,,,,,,
"barusan memesan pesawat via traveloka , seperti biasanya . kadang pakai , kadang booking.com , kadang agoda . mana yang paling asyik aja . hidup jadi lebih mudah . mantap traveloka .",0,barusan memesan pesawat via traveloka seperti biasanya kadang pakai kadang kadang agoda mana yang paling asyik aja hidup jadi lebih mudah mantap traveloka,0.9877501726150512,0,[9.978e-01 7.000e-04 1.500e-03],0,[0.9941 0.0013 0.0046],"{'mantap': 'mantap', 'mudah': 'mudah', 'asyik': 'asyik'}",0,0,0.361,,,,,,,,,
"terima kasih , pelayanan mantap nih . pengembalian dana cair kurang dari 12 jam ! rekomendasi banget traveloka !",0,terima kasih pelayanan mantap nih pengembalian dana cair kurang dari 12 jam rekomendasi banget traveloka,1.0,0,[9.97e-01 8.00e-04 2.20e-03],0,[0.9955 0.001  0.0036],"{'traveloka': 'traveloka', 'mantap': 'mantap'}",0,0,0.3387,,,,,,,,,
mantap . terima kasih atas proses pengembalian dana yang cepat . waktu maksimal 90 hari tapi baru satu hari sudah ditransfer . 2 thumbsup,0,mantap terima kasih atas proses pengembalian dana yang cepat waktu maksimal 90 hari tapi baru satu hari sudah ditransfer 2 thumbsup,1.0000001192092896,0,[0.9892 0.0023 0.0086],0,[0.9901 0.0038 0.0061],"{'mantap': 'mantap', 'thumbsup': 'thumbsup'}",0,0,0.3577,,,,,,,,,
"saya tambah setia ini sama traveloka , sekarang pilihan maskapai nya makin banyak . payment nya mudah . selaint itu , harga nya murah dari yang lain . mantap",0,saya tambah setia ini sama traveloka sekarang pilihan maskapai nya makin banyak payment nya mudah selaint itu harga nya murah dari yang lain mantap,1.0000001192092896,0,[9.978e-01 6.000e-04 1.600e-03],0,[9.976e-01 6.000e-04 1.800e-03],"{'traveloka': 'traveloka', 'mantap': 'mantap'}",0,0,0.365,,,,,,,,,
"makin mantap sekarang , sudah ada menu pesan hotel lengkap dengan rating - nya . semoga makin sering ada promo ya . pasti saya pantengin terus",0,makin mantap sekarang sudah ada menu pesan hotel lengkap dengan rating nya semoga makin sering ada promo ya pasti saya guarda terus,0.9851325750350952,0,[0.9947 0.0012 0.0042],0,[0.9938 0.0013 0.0049],"{'mantap': 'mantap', 'pantengin': 'guarda'}",0,0,0.3365,,,,,,,,,
e - tiket sudah saya terima . mantap ! reservasi cepat harga murah ! nomor 1 tiketing online indonesia .,0,e tiket sudah saya terima mantap reservasi cepat harga murah nomor 1 biglietteria online indonesia,0.9840485453605652,0,[9.974e-01 9.000e-04 1.700e-03],0,[0.9959 0.0011 0.0029],{'tiketing': 'biglietteria'},0,0,0.2221,,,,,,,,,
"hari ini iseng mencoba versi beta nya , mantap search engine nya . tidak pusing lagi kalau mau cari tiket murah dan waktu penerbangan : memudahkan aku .",0,hari ini iseng mencoba versi beta nya mantap search engine nya tidak pusing lagi kalau mau cari tiket murah dan waktu penerbangan memudahkan aku,1.0,0,[9.971e-01 9.000e-04 2.000e-03],0,[0.9971 0.001  0.0019],"{'mantap': 'mantap', 'pusing': 'pusing', 'memudahkan': 'memudahkan'}",0,0,0.2359,,,,,,,,,
"keren air asia . setelah malaysia , indonesia , thailand , filipina , jepang dan india , bakal ada air asia vietnam dan air asia china .",0,keren air asia setelah malaysia indonesia thailand filipina jepang dan india bakal ada air asia vietnam dan air asia Cina,0.9900071620941162,0,[0.8661 0.038  0.0959],0,[0.7742 0.0957 0.1301],"{'china': 'Cina', 'jepang': 'jepang'}",1,1,0.2132,,,,,,,,,
air asia ini keren banget . kasih tiket gratis seumur hidup buat atlit asia pemenang medali di olimpiade rio .,0,air asia ini freddo molto kasih tiket gratis seumur hidup buat atlit asia pemenang medali di olimpiade rio,0.9477708339691162,0,[0.994  0.002  0.0039],1,[0.0635 0.9291 0.0074],"{'keren': 'freddo', 'banget': 'molto', 'asia': 'asia'}",0,0,0.2342,,,,,,,,,
top deh hari ini lion air cengkareng balikpapan on time sekali . mantap harus nya sepeti ini terus . sangat memuaskan .,0,top deh hari ini lion air cengkareng balikpapan on time sekali mantap harus nya sepeti ini terus sangat memuaskan,1.0000001192092896,0,[0.9936 0.001  0.0054],0,[0.9884 0.0014 0.0102],"{'top': 'top', 'memuaskan': 'memuaskan'}",0,0,0.2176,,,,,,,,,
"bu memang mantap . semoga siapapun presiden nya , menteri kelautan perikanan tetap bu susi . amin .",0,signora memang mantap semoga siapapun presiden nya menteri kelautan perikanan tetap signora susi amin,0.8073089122772217,0,[0.9934 0.0027 0.0039],0,[0.9832 0.0082 0.0086],"{'mantap': 'mantap', 'bu': 'signora'}",0,0,0.2158,,,,,,,,,
"mantap bu saya juga akan ikut ke pantai bu . biar laut kita bersih , kalau kotor nanti malah ditenggelamkan dengan bu susi . hehehe .",0,mantap signora saya juga akan ikut ke pantai signora biar laut kita bersih kalau kotor nanti malah ditenggelamkan dengan signora susi hehehe,0.8768649101257324,0,[0.9021 0.0077 0.0902],0,[0.8165 0.0137 0.1698],"{'bu': 'signora', 'biar': 'biar'}",0,0,0.2337,,,,,,,,,
"antusias para pemilik agen sangat luar biasa dan terima kasih untuk para petinggi jne yang berkenan hadir dalam acara kami , dan terima kasih untuk para agen / mitra jne yang juga turut hadir dalam acara ini . semoga di tahun depan akan semakin mantap",0,antusias para pemilik agen sangat luar biasa dan terima kasih untuk para petinggi jne yang berkenan hadir dalam acara kami dan terima kasih untuk para agen mitra jne yang juga turut hadir dalam acara ini semoga di tahun depan akan semakin mantap,1.0000001192092896,0,[0.9957 0.0017 0.0026],0,[0.9947 0.0024 0.0029],"{'antusias': 'antusias', 'mantap': 'mantap', 'petinggi': 'petinggi'}",0,0,0.2914,,,,,,,,,
kebiasaan paling keren dari tiki / jne adalah langsung memberi laporan kalau yang menerima paket tidak ada di tempat tanpa telepon dulu ke si penerima . mantap !,0,kebiasaan paling freddo dari tiki jne adalah langsung memberi laporan kalau yang menerima paket tidak ada di tempat tanpa telepon dulu ke si penerima mantap,0.9866794943809508,0,[0.9962 0.0016 0.0022],0,[0.6005 0.2051 0.1944],"{'keren': 'freddo', 'tiki': 'tiki'}",0,0,0.2757,,,,,,,,,
"selamat ulang tahun bdo . petugas nya pada ramah-ramah . umur 26 sudah matang dan mantap . sukses selalu , karyawan nya pada sehat .",0,selamat ulang tahun bdo petugas nya pada umur 26 sudah matang dan mantap sukses selalu karyawan nya pada sehat,0.9934654831886292,0,[9.963e-01 9.000e-04 2.800e-03],0,[0.9904 0.0018 0.0078],{'mantap': 'mantap'},0,0,0.2243,,,,,,,,,
mantap sekali di hari libur tetap mengantarkan paket ke tujuan ! benar-benar terapkan semangat kemerdekaan id bdo !,0,mantap sekali di hari Vacanza tetap mengantarkan paket ke destinazione terapkan semangat kemerdekaan id bdo,0.9237433075904846,0,[0.9958 0.0014 0.0028],0,[0.9953 0.0015 0.0032],"{'libur': 'Vacanza', 'tujuan': 'destinazione'}",0,0,0.202,,,,,,,,,
pengiriman barang menggunakan jne sangat memuaskan . tanggal sampai pengiriman barang sesuai . pelayanan sangat ramah . harga juga sangat masuk akal dan terjangkau .,0,pengiriman barang menggunakan jne sangat memuaskan tanggal sampai pengiriman barang sesuai pelayanan sangat ramah prezzo juga sangat masuk akal dan terjangkau,0.9767950177192688,0,[9.973e-01 8.000e-04 1.900e-03],0,[9.971e-01 7.000e-04 2.100e-03],"{'harga': 'prezzo', 'terjangkau': 'terjangkau'}",0,0,0.2058,,,,,,,,,
"saya suwandi sudah pesan tiket pak - cengkareng tuk penerbangan tanggal 20 jam 06.46 via pesawat nam air . namun sampai dengan hari ini tanggal 17 juli , saya belum terima info apa pun , transfer dari bri syariah ke bank mandiri . mohon bantuan nya untuk diinformasi kembali . terima kasih .",1,"saya suwandi sudah pesan tiket pak - cengkareng tuk penerbangan tanggal 20 jam 06.46 via pesawat nam air . namun sampai dengan hari ini tanggal 17 juli , saya belum terima info apa pun , transfer dari bri syariah ke bank mandiri . mohon bantuan nya untuk diinformasi kembali . terima kasih .",1.0,2,[0.0104 0.3411 0.6485],2,[0.0104 0.3411 0.6485],,1,1,0.06,,,,,,,,,
daftar harga dispenser 2018 terbaik yang ada di blibli.com memuat banyak produk . salah satu nya adalah miyako wdp - 200 dispenser . produk ini merupakan dispenser dengan penempatan galon di bawah sehingga anda tidak perlu mengangkat galon saat akan mengisi air .,1,daftar harga dispenser 2018 terbaik yang ada di blibli.com memuat banyak produk . salah satu nya adalah miyako wdp - 200 dispenser . produk ini merupakan dispenser dengan penempatan galon di bawah sehingga anda tidak perlu mengangkat galon saat akan mengisi air .,1.0,0,[0.918  0.0772 0.0048],0,[0.918  0.0772 0.0048],,1,1,0.07,,,,,,,,,
"samsung , panasonic , sharp dan berbagai produsen lainnya telah memasarkan berbagai macam jenis mesin cuci dengan fungsi yang beragam .",1,samsung panasonic sharp dan berbagai produsen lainnya telah memasarkan berbagai macam jenis mesin cuci dengan fungsi yang beragam,1.0,1,[0.0362 0.9528 0.011 ],1,[0.027  0.9671 0.0059],"{'sharp': 'sharp', 'samsung': 'samsung'}",1,1,0.2205,,,,,,,,,
kami segenap direksi dan karyawan pt smartplus consulting indonesia mengucapkan selamat hari raya idul fitri 1439 h .,1,kami segenap direksi dan karyawan pt smartplus consola Indonesia mengucapkan selamat hari raya idul fitri 1439 h,0.9484506249427797,1,[0.0347 0.9558 0.0094],1,[0.094  0.8989 0.0071],"{'consulting': 'consola', 'indonesia': 'Indonesia'}",1,1,0.2111,,,,,,,,,
sudahlah . ini negara demokrasi . jangan saling membual . masing-masing punya pilihan . pilih prabowo minggu . tidak mau pilih jokowi juga tidak apa-apa . bebas .,2,sudahlah ini negara demokrasi jangan saling membual punya pilihan scegliere prabowo minggu tidak mau scegliere jokowi juga tidak bebas,0.9697235226631165,2,[0.0275 0.009  0.9635],2,[0.0092 0.0057 0.9851],{'pilih': 'scegliere'},2,0,0.2162,,,,,,,,,
"kami bukan dalam kapasitas menentukan jangan / nyapres , mbk .",1,kami bukan dalam kapasitas menentukan jangan nyapres mbk,1.0000001192092896,1,[0.0333 0.8765 0.0902],2,[0.0865 0.1329 0.7806],{'nyapres': 'nyapres'},2,1,0.1987,,,,,,,,,
"adab di media sosial itu jelas , kok . suka silakan like , mengikuti . tidak suka , unfoll / block , simpel . dan kita memiliki hak yang sama untuk melakukan nya .",1,"adab di media sosial itu jelas , kok . suka silakan like , mengikuti . tidak suka , unfoll / block , simpel . dan kita memiliki hak yang sama untuk melakukan nya .",1.0,2,[0.1699 0.2156 0.6145],2,[0.1699 0.2156 0.6145],,1,1,0.07,,,,,,,,,
"kalau tidak suka gaperlu didukung mas , dukung saja yang menurut mas daus itu bisa bawa indonesia jauh lebih baik . yang penting kita harus menomorsatukan asas etika .",1,"kalau tidak suka gaperlu didukung mas , dukung saja yang menurut mas daus itu bisa bawa indonesia jauh lebih baik . yang penting kita harus menomorsatukan asas etika .",1.0,0,[0.6389 0.0569 0.3042],0,[0.6389 0.0569 0.3042],,0,0,0.07,,,,,,,,,
"kamu bisa punya koleksi bts dengan membeli smartphone lagi k9 . selain tersedia wallpaper dan tema di dalam nya , kamu juga dapat poster dan postcard bts .",1,"kamu bisa punya koleksi bts dengan membeli smartphone lagi k9 . selain tersedia wallpaper dan tema di dalam nya , kamu juga dapat poster dan postcard bts .",1.0,0,[0.7907 0.2053 0.004 ],0,[0.7907 0.2053 0.004 ],,1,1,0.06,,,,,,,,,
siarin bola asian games lewat parabola dong . puluhan juta pasang mata di luar jawa yang pakai parabola pasti kecewa kalau tidak bisa menonton .,2,siarin bola asian games lewat parabola dong puluhan juta pasang mata di luar jawa yang pakai parabola pasti kecewa kalau tidak bisa menonton,1.0000001192092896,2,[0.0062 0.0027 0.9911],2,[0.008 0.006 0.986],"{'siarin': 'siarin', 'kecewa': 'kecewa'}",2,0,0.2312,,,,,,,,,
ada tiga tahap . pertama harus unlock bootloader terus pasang twrp terus robot deh xiaomi kamu tipe berapa ya ? soal nya suka beda gitu loh,1,ada tiga tahap . pertama harus unlock bootloader terus pasang twrp terus robot deh xiaomi kamu tipe berapa ya ? soal nya suka beda gitu loh,1.0,2,[0.0323 0.2766 0.6911],2,[0.0323 0.2766 0.6911],,1,1,0.05,,,,,,,,,
"maaf ini oot . yang hape nya xiaomi , bisa bantu aku tidak . ini kalau aku lagi buka twit atau saya begitu suka menang . nah yang aku lingkarkan merah itu aplikasi yang menghilang begitu . ada yang tahu kenapa dan bagaimana cara menyembuhkan nya :",1,"maaf ini oot . yang hape nya xiaomi , bisa bantu aku tidak . ini kalau aku lagi buka twit atau saya begitu suka menang . nah yang aku lingkarkan merah itu aplikasi yang menghilang begitu . ada yang tahu kenapa dan bagaimana cara menyembuhkan nya :",1.0,2,[0.0156 0.0898 0.8946],2,[0.0156 0.0898 0.8946],,1,1,0.05,,,,,,,,,
di indonesia pilihan brand smartphone kan melimpah . kalau tidak suka cara xiaomi menjalankan bisnis nya ya tinggal pilih brand lain . dibawa santai saja .,1,di indonesia pilihan brand smartphone kan melimpah . kalau tidak suka cara xiaomi menjalankan bisnis nya ya tinggal pilih brand lain . dibawa santai saja .,1.0,2,[0.1847 0.0291 0.7862],2,[0.1847 0.0291 0.7862],,0,0,0.06,,,,,,,,,
pendaftar towel-towel lagi g7 thinq membludak hingga 3x kapasitas tempat . ke depan nya bakal segera ada towel-towel huawei nova 3i dan mungkin samsung galaxy note 9 .,1,pendaftar lagi g7 thinq membludak hingga 3x kapasitas tempat ke depan nya bakal segera ada huawei nova 3i dan mungkin samsung galaxy note 9,0.9864088892936708,1,[0.0123 0.9651 0.0227],1,[0.0068 0.9812 0.012 ],"{'kapasitas': 'kapasitas', 'nova': 'nova'}",1,1,0.2358,,,,,,,,,
di depan sana masih ada kompetisi foto dengan tema morning feel .,1,di depan sana masih ada kompetisi foto dengan tema morning feel,1.0,1,[0.4054 0.5804 0.0143],1,[0.4309 0.5638 0.0052],{'foto': 'foto'},1,1,0.2014,,,,,,,,,
oke . saya akan segera menuju ke cabang bca terdekat .,1,oke saya akan segera menuju ke cabang bca terdekat,1.0,1,[0.0122 0.9616 0.0262],1,[0.008  0.98   0.0119],{'bca': 'bca'},1,1,0.2158,,,,,,,,,
"isi pulsa via atm bca tadi jam 17.48 sampai sekarang belum masuk , boleh tolong dicek ? terima kasih",1,isi pulsa attraverso atm bca tadi jam sampai sekarang belum masuk boleh tolong dicek terima kasih,0.975108802318573,1,[0.0088 0.5776 0.4136],1,[0.0047 0.9387 0.0566],"{'via': 'attraverso', 'pulsa': 'pulsa'}",1,1,0.204,,,,,,,,,
mau tanya apa nomer ini 622129265555 benar nomer kantor bca jakarta yang menangani kartu kredit ? saya tunggu jawaban nya ya,1,mau tanya apa nomer ini 622129265555 benar nomer kantor bca jakarta yang menangani kartu kredit saya tunggu jawaban nya ya,1.0000001192092896,1,[0.0046 0.9868 0.0086],1,[0.0043 0.9886 0.0071],{'kantor': 'kantor'},1,1,0.2204,,,,,,,,,
"hai mas cepy . saya sudah ke bank bca terdekat untuk langsung diproses pergantian kartu , ya",1,hai mas cepy saya sudah ke bank bca terdekat untuk langsung diproses pergantian kartu ya,1.0,1,[0.0052 0.9821 0.0127],1,[0.0045 0.9871 0.0084],"{'pergantian': 'pergantian', 'diproses': 'diproses'}",1,1,0.2104,,,,,,,,,
"hai , ken . saat ini isi e-money flazz dari bca belum bisa di jenius , ya . kamu bisa menyampaikan saran kamu melalui bagian dari kami di jenius co . create , info lengkap bisa ku njungi : . terima kasih .",1,hai ken saat ini isi flazz dari bca belum bisa di jenius S kamu bisa menyampaikan saran kamu melalui bagian dari kami di jenius co create info lengkap bisa ku njungi terima kasih,0.9903692603111268,1,[0.0098 0.9777 0.0125],1,[0.008  0.9848 0.0072],"{'bca': 'bca', 'ya': 'S', 'jenius': 'jenius'}",1,1,0.243,,,,,,,,,
selamat siang . kamu bisa menggunakan tarif ramai-ramai untuk rombongan serta memanfat promo cashback dari rekanan bank seperti bank bri dan bca .,1,selamat siang kamu bisa menggunakan tarif untuk rombongan serta memanfat promo cashback dari rekanan bank seperti bank bri dan bca,0.9919087886810304,1,[0.1965 0.7942 0.0093],1,[0.1237 0.8718 0.0046],"{'bri': 'bri', 'promo': 'promo'}",1,1,0.2324,,,,,,,,,
"di pesona festival pasar terapung , ada juga permainan tradisional balogo , festival kain tradisional sasirangan , kompetisi chef hotel dan restoran terbaik , festival kuliner desa banjar , lomba hias perahu jukung , lomba fotografi , dan masih banyak lagi yang lainnya .",1,"di pesona festival pasar terapung , ada juga permainan tradisional balogo , festival kain tradisional sasirangan , kompetisi chef hotel dan restoran terbaik , festival kuliner desa banjar , lomba hias perahu jukung , lomba fotografi , dan masih banyak lagi yang lainnya .",1.0,0,[0.9805 0.018  0.0016],0,[0.9805 0.018  0.0016],,1,1,0.06,,,,,,,,,
"asisten pelatih pskc cimahi , nurjati merasa tim nya sangat bangga bertemu dengan tim sebesar persib bandung di babak 128 besar piala indonesia 2018 .",0,"asisten pelatih pskc cimahi , nurjati merasa tim nya sangat bangga bertemu dengan tim sebesar persib bandung di babak 128 besar piala indonesia 2018 .",1.0,1,[0.4065 0.5858 0.0076],1,[0.4065 0.5858 0.0076],,1,1,0.03,,,,,,,,,
"selamat siang . jika selama 6 bulan tidak terdapat saldo rp . 0 tidak ada transaksi , maka sudah otomatis closed . namun untuk pengecekan status rekening anda dapat menghubungi bni call 1500046 .",1,selamat siang jika selama 6 bulan tidak terdapat saldo rp 0 tidak ada transaksi maka sudah otomatis Chiuso namun untuk pengecekan status rekening anda dapat menghubungi bni call 1500046,0.9872586727142334,1,[0.0111 0.9595 0.0294],1,[0.0045 0.981  0.0145],"{'status': 'status', 'rp': 'rp', 'closed': 'Chiuso'}",1,1,0.2693,,,,,,,,,
"selamat pagi , untuk melihat tagihan dapat menghubungi bni call 1500046 , kemudian tekan 0 untuk berbicara dengan bni call officer lalu tekan 2 untuk berbicara dengan bni call officer layanan kartu kredit . nanti petugas kami akan membantu anda .",1,selamat pagi untuk melihat tagihan dapat menghubungi bni call 1500046 kemudian tekan 0 untuk berbicara dengan bni call officer lalu tekan 2 untuk berbicara dengan bni call officer layanan kartu kredit nanti petugas kami akan membantu anda,1.0,1,[0.0519 0.932  0.0161],1,[0.0195 0.9691 0.0114],"{'kredit': 'kredit', 'tagihan': 'tagihan'}",1,1,0.2694,,,,,,,,,
"selamat pagi . silakan hubungi bni call 1500046 untuk melakukan pemblokiran . setelah itu , silakan datang ke kantor cabang bni terdekat dengan membawa ktp , surat keterangan hilang dari kepolisian , dan buku tabungan untuk penggantian kartu nya ya .",1,selamat mattina silakan hubungi bni call 1500046 untuk melakukan pemblokiran setelah itu silakan datang ke kantor cabang bni terdekat dengan membawa ktp surat keterangan hilang dari kepolisian dan buku tabungan untuk penggantian kartu nya ya,0.9945265650749208,1,[0.0199 0.9344 0.0457],1,[0.0085 0.9831 0.0084],"{'hubungi': 'hubungi', 'tabungan': 'tabungan', 'pagi': 'mattina', 'buku': 'buku', 'selamat': 'selamat'}",1,1,0.2532,,,,,,,,,
"tadi sore saya baru cek email dan sudah transfer kekurangan 30.000 , tapi belum ada balasan lagi . apakah transferan nya sudah masuk ? atas nama ellena saufika , no. cust 253360 , tf via mbanking bni .",1,tadi sore saya baru cek email dan sudah transfer kekurangan tapi belum ada balasan lagi apakah transferan nya sudah masuk atas nama ellena saufika cust 253360 tf via mbanking bni,0.9877141118049622,1,[0.0059 0.9436 0.0504],1,[0.0033 0.9902 0.0065],"{'transfer': 'transfer', 'kekurangan': 'kekurangan', 'tf': 'tf'}",1,1,0.259,,,,,,,,,
"jakarta , 29 november 2017 di hotel ibis kramat 100 jakarta pusat , balai ksda jakarta mengadakan bimtek web - based integrated system peredaran tsl secara online e - permit untuk mengenalkan sebuah aplikasi pelayanan pemanfaatan tsl yang dinamai si pinter sistem perijinan terpadu .",1,jakarta 29 november 2017 di hotel ibis kramat 100 jakarta pusat balai ksda jakarta mengadakan bimtek web based integrated system peredaran tsl secara online e permit untuk mengenalkan sebuah aplikasi pelayanan utilizzazione tsl yang dinamai si pinter sistem perijinan integrato,0.991174578666687,1,[0.0077 0.9881 0.0042],1,[0.0116 0.982  0.0063],"{'ksda': 'ksda', 'kramat': 'kramat', 'dinamai': 'dinamai', 'perijinan': 'perijinan', 'pemanfaatan': 'utilizzazione', 'terpadu': 'integrato', 'tsl': 'tsl'}",1,1,0.2865,,,,,,,,,
"dalam kunjungan kerja nya ke provinsi jawa barat , presiden meninjau pelayanan bpjs dan kartu indonesia sehat kis di rumah sakit umum pendidikan rsup dari . hasan sadikin rshs , kota bandung , kamis siang , 22 februari 2018 .",1,dalam kunjungan kerja nya ke provinsi jawa barat presiden meninjau pelayanan bpjs dan kartu indonesia sehat kis di rumah sakit umum pendidikan rsup dari hasan sadikin rshs kota bandung kamis siang 22 februari 2018,1.0,1,[0.0062 0.9901 0.0037],1,[0.0059 0.9907 0.0034],"{'kartu': 'kartu', 'hasan': 'hasan', 'kota': 'kota', 'rsup': 'rsup'}",1,1,0.2619,,,,,,,,,
hari ini rshs berusia 89 tahun .,1,hari ini rshs berusia 89 tahun,1.0000001192092896,1,[0.0296 0.8596 0.1107],1,[0.0234 0.8956 0.081 ],{'berusia': 'berusia'},1,1,0.1675,,,,,,,,,
"pada tanggal 16 februari 2018 esok poliklinik rawat jalan rshs tidak melakukan pelayanan dikarenakan hari libur nasional . poli kembali buka hari senin , 19 februari 2018 .",1,pada tanggal 16 februari 2018 esok poliklinik rawat Strada rshs tidak melakukan pelayanan dikarenakan hari libur nasional poli kembali buka hari senin 19 februari 2018,0.9804075360298156,1,[0.0215 0.9615 0.0169],1,[0.0143 0.9775 0.0082],"{'jalan': 'Strada', 'februari': 'februari'}",1,1,0.2268,,,,,,,,,
kami ingin mengumumkan bahwa mal bom kini hadir di shopee mal !,1,kami ingin mengumumkan bahwa mal bom kini hadir di shopee mal,1.0,1,[0.0076 0.9847 0.0077],1,[0.0052 0.9914 0.0034],{'bom': 'bom'},1,1,0.2149,,,,,,,,,
"hari ini periode submission xpresound telah ditutup , ya . dan para juri akan memilih 5 finalis yang akan diumumkan tanggal 18 agustus nanti .",1,hari ini periode submission xpresound telah ditutup ya dan para juri akan memilih 5 finalis yang akan diumumkan tanggal 18 agustus nanti,1.0000001192092896,1,[0.0131 0.9747 0.0122],1,[0.017  0.9714 0.0116],"{'periode': 'periode', 'xpresound': 'xpresound'}",1,1,0.2324,,,,,,,,,
"informasi tambahan bahwa untuk pembayaran rp 2 juta yang bapak lakukan tidak menjadikan limit menjadi rp 7 juta , melainkan pembayaran tersebut akan mengurangi tagihan yang sedang berjalan . jika kartu kredit dalam keadaan berlebihan limit maka akan dikenakan biaya rp 40 ribu .",1,informasi tambahan bahwa untuk pembayaran rp 2 juta yang bapak lakukan tidak menjadikan limit menjadi rp 7 juta melainkan pembayaran tersebut akan mengurangi tagihan yang sedang camminare jika kartu kredit dalam keadaan berlebihan limit maka akan dikenakan biaya rp 40 ribu,0.996484875679016,1,[0.0601 0.7958 0.1441],1,[0.024  0.9414 0.0347],"{'kartu': 'kartu', 'pembayaran': 'pembayaran', 'berjalan': 'camminare', 'menjadikan': 'menjadikan'}",1,1,0.2534,,,,,,,,,
sebentar lagi asian games 2018 dimulai nih ! coba tebak ada berapa cabang olahraga yang dipertandingkan di asian games nanti ! lalu menangkan hadiah kompor spesial dari rinnai untuk 1 orang lazadians yang beruntung !,1,sebentar lagi asian games 2018 dimulai nih ! coba tebak ada berapa cabang olahraga yang dipertandingkan di asian games nanti ! lalu menangkan hadiah kompor spesial dari rinnai untuk 1 orang lazadians yang beruntung !,1.0,0,[0.8827 0.1085 0.0088],0,[0.8827 0.1085 0.0088],,1,1,0.06,,,,,,,,,
"saat kunjungan ke hotel , menag banyak menerima apresiasi atas layanan haji tahun ini .",0,saat kunjungan ke hotel menag banyak menerima apresiasi atas servizio haji tahun ini,0.9798973202705384,0,[0.8819 0.1055 0.0125],0,[0.8707 0.1193 0.01  ],{'layanan': 'servizio'},0,1,0.2052,,,,,,,,,
pagi ini pemkab pemalang melalui menyelenggarakan kegiatan launching sistem layanan informasi publik secara online dan rakor ppid di salah satu hotel di pemalang 10 / 7 / 2018 .,1,pagi ini pemkab pemalang melalui menyelenggarakan kegiatan launching sistem layanan informasi publik secara online dan rakor ppid di sbagliato satu hotel di pemalang 10 7 2018,0.9628317952156068,1,[0.0084 0.9865 0.0051],1,[0.0091 0.9851 0.0058],"{'pemalang': 'pemalang', 'salah': 'sbagliato', 'pemkab': 'pemkab'}",1,1,0.2274,,,,,,,,,
"kemnaker ri menyelenggarakan pameran kesempatan kerja job fair nasional tahun 2018 di balairung hotel bumiwiyata depok , jawa barat tanggal 4 - 5 juli 2018 . job fair ini tidak dipungut biaya / gratis .",1,kemnaker ri menyelenggarakan pameran kesempatan kerja job fair nasional tahun 2018 di balairung hotel bumiwiyata depok jawa barat tanggal 4 5 juli 2018 job fair ini tidak dipungut biaya gratis,1.0,1,[0.0315 0.9632 0.0053],1,[0.015  0.9809 0.0041],"{'juli': 'juli', 'barat': 'barat', 'kerja': 'kerja'}",1,1,0.2331,,,,,,,,,
"gelaran jateng wow 2018 telah usai pada 31 maret lalu . dari pelaksanaan selama dua bulan penuh , kegiatan ini telah meningkatkan hunian hotel mendatangkan ribuan kunjungan wisatawan mancanegara ke jawa tengah .",0,"gelaran jateng wow 2018 telah usai pada 31 maret lalu . dari pelaksanaan selama dua bulan penuh , kegiatan ini telah meningkatkan hunian hotel mendatangkan ribuan kunjungan wisatawan mancanegara ke jawa tengah .",1.0,1,[0.1531 0.8413 0.0056],1,[0.1531 0.8413 0.0056],,1,1,0.06,,,,,,,,,
presiden harapkan menpar ri dan menko untuk mengajak pelaku pariwisata baik hotel maupun maskapai penerbangan untuk juga diajak memberikan informasi mempromosikan wisata di indonesia khusus nya bali .,1,presiden harapkan menpar ri dan menko untuk mengajak pelaku pariwisata baik Hotel maupun maskapai penerbangan untuk juga diajak memberikan informazione mempromosikan wisata di indonesia khusus nya bali,0.9890377521514891,1,[0.0836 0.9036 0.0127],1,[0.2146 0.771  0.0143],"{'penerbangan': 'penerbangan', 'informasi': 'informazione', 'hotel': 'Hotel'}",1,1,0.2278,,,,,,,,,
gubernur dki jakarta anies baswedan membentuk tim evaluasi tata kelola air minum . pembentukan tim ini tertuang dalam keputusan gubernur nomor 1149 tahun 2018 yang ditandatangani 10 agustus 2018 . tim ini diketuai sekretaris daerah saefullah dengan wakil ketua asisten pembangunan dan lingkungan hidup yusmada faizal .,1,gubernur dki jakarta anies baswedan membentuk tim evaluasi tata kelola air minum pembentukan tim ini tertuang dalam keputusan gubernur nomor 1149 tahun 2018 yang ditandatangani 10 agustus 2018 tim ini diketuai sekretaris daerah saefullah dengan wakil ketua asisten pembangunan dan lingkungan hidup yusmada faizal,1.0,1,[0.0064 0.9897 0.0039],1,[0.0095 0.9847 0.0058],"{'air': 'air', 'wakil': 'wakil', 'kelola': 'kelola', 'minum': 'minum', 'ditandatangani': 'ditandatangani', 'tim': 'tim'}",1,1,0.3533,,,,,,,,,
"tujuh pemain real madrid akan menyamai rekor paolo maldini dan dani alves yang sampai saat ini masih menyandang predikat raja di piala super eropa . ketujuh pemain yang dimaksud adalah dani carvajal , sergio ramos , marcelo , luka modric , karim benzema , isco , dan toni kroos . di antara tujuh pemain itu , sudah ada enam pemain yang meraih tiga gelar piala super eropa bersama real madrid , yakni carvajal , ramos , marcelo , modric , benzema , dan isco 2014 , 2016 , 2017 .",1,Sette pemain real madrid akan menyamai rekor paolo maldini dan dani alves yang sampai saat ini masih menyandang predikat raja di piala super eropa ketujuh pemain yang dimaksud adalah dani carvajal sergio ramos marcelo luka modric karim benzema isco dan toni kroos di antara Sette pemain itu sudah ada enam pemain yang meraih tiga gelar piala super eropa bersama real madrid yakni carvajal ramos marcelo modric benzema dan isco 2014 2016 2017,0.9951336979866028,1,[0.1377 0.8162 0.0461],1,[0.0783 0.8997 0.022 ],"{'tujuh': 'Sette', 'super': 'super', 'pemain': 'pemain', 'enam': 'enam', 'real': 'real', 'eropa': 'eropa'}",1,1,0.4249,,,,,,,,,
"keberadaan peraturan presiden nomor 54 tahun 2018 tentang strategi nasional pencegahan korupsi yang telah diteken oleh presiden joko widodo pada 20 juli 2018 silam diharapkan mampu menghasilkan perubahan mendasar , khusus nya terkait tiga aspek . ketiga aspek itu menyangkut perizinan dan tata niaga , keuangan negara , dan penegakan hukum serta reformasi birokrasi .",1,keberadaan peraturan presiden nomor 54 tahun 2018 tentang strategi nasional pencegahan korupsi yang telah diteken oleh presiden joko widodo pada 20 juli 2018 silam diharapkan mampu menghasilkan perubahan mendasar khusus nya terkait tiga aspek ketiga aspek itu menyangkut perizinan dan tata niaga keuangan nazione dan penegakan hukum serta reformasi birokrasi,0.9970542192459106,1,[0.0097 0.9795 0.0107],1,[0.0172 0.9714 0.0114],"{'hukum': 'hukum', 'diharapkan': 'diharapkan', 'negara': 'nazione', 'perizinan': 'perizinan', 'pencegahan': 'pencegahan', 'keuangan': 'keuangan', 'reformasi': 'reformasi'}",1,1,0.3489,,,,,,,,,
"beberapa fungsi layanan kami membutuhkan pendaftaran akun dengan memilih identifikasi pengguna id pengguna dan kata sandi unik , serta memberikan informasi pribadi tertentu . apabila anda memilih id pengguna yang dianggap tidak sopan atau tidak pantas oleh shopee atas kebijakan nya sendiri , shopee berhak untuk menangguhkan atau mengakhiri akun anda .",1,beberapa fungsi layanan kami membutuhkan pendaftaran akun dengan memilih identifikasi pengguna esso pengguna dan kata sandi unik serta memberikan informazione pribadi tertentu apabila anda memilih esso pengguna yang dianggap tidak sopan atau tidak pantas oleh shopee atas kebijakan nya sendiri shopee berhak untuk menangguhkan atau mengakhiri akun anda,0.9663715362548828,1,[0.0344 0.6103 0.3552],1,[0.0753 0.6482 0.2765],"{'id': 'esso', 'unik': 'unik', 'pribadi': 'pribadi', 'informasi': 'informazione', 'pengguna': 'pengguna'}",1,1,0.3192,,,,,,,,,
"sebuah musibah baru saja menimpa kampung adat megalitikum gurusina di bajawa , flores . kebakaran hebat yang terjadi pada senin 13 / 8 sore hampir menghanguskan seluruh kampung . total 27 dari 33 rumah adat yang ada habis dilalap api bersama semua cerita dan sejarah nya .",1,"sebuah musibah baru saja menimpa kampung adat megalitikum gurusina di bajawa , flores . kebakaran hebat yang terjadi pada senin 13 / 8 sore hampir menghanguskan seluruh kampung . total 27 dari 33 rumah adat yang ada habis dilalap api bersama semua cerita dan sejarah nya .",1.0,2,[0.0515 0.0353 0.9132],2,[0.0515 0.0353 0.9132],,1,1,0.05,,,,,,,,,
"di usia 57 tahun , saat nya gerakan pramuka di tanah air menjawab tantangan zaman baru . anggota pramuka harus dididik bukan hanya bahasa morse , tetapi juga pengetahuan digital seperti coding , artificial intelligence , advance robotic , dan internet of things .",1,di usia 57 tahun saat nya gerakan pramuka di tanah air menjawab tantangan zaman baru membro pramuka harus dididik bukan hanya bahasa morse tetapi juga pengetahuan digital seperti coding artificial intelligence advance robotic dan internet of things,0.9935590028762816,1,[0.1893 0.5639 0.2468],1,[0.1157 0.8432 0.0411],"{'digital': 'digital', 'things': 'things', 'anggota': 'membro', 'of': 'of'}",1,1,0.2586,,,,,,,,,
"dalam paparan nya , menkeu smi menekankan penting nya menjaga integritas taxmin sebagai penyalur utama informasi perpajakan agar menyampaikan informasi yang baik dan benar kepada masyarakat melalui media sosial yang dimiliki nya .",1,dalam paparan nya menkeu smi menekankan penting nya menjaga integritas taxmin sebagai penyalur utama informasi perpajakan agar menyampaikan informasi yang baik dan benar kepada masyarakat melalui media sosial yang dimiliki nya,1.0,1,[0.0195 0.9743 0.0062],1,[0.0248 0.9708 0.0044],"{'perpajakan': 'perpajakan', 'menekankan': 'menekankan', 'menkeu': 'menkeu'}",1,1,0.2759,,,,,,,,,
"sahabat mido , untuk kenyamanan pemohon paspor dan menghindari praktik percaloan , direktorat jenderal imigrasi bekerjasama dengan kementerian keuangan melalui bank-bank yang tergabung dalam sistim informasi penerimaan negara bukan pajak online simponi .",1,sahabat mido untuk kenyamanan pemohon paspor dan menghindari praktik percaloan direktorat jenderal imigrasi bekerjasama dengan kementerian keuangan melalui yang tergabung dalam sistim informasi penerimaan negara bukan imposta online simponi,0.9846276640892028,1,[0.0036 0.9926 0.0037],1,[0.008  0.9868 0.0052],"{'tergabung': 'tergabung', 'pajak': 'imposta', 'simponi': 'simponi', 'mido': 'mido'}",1,1,0.2759,,,,,,,,,
"hai kak . saat ini jam opertional restoran pizza hut belum sampai 24 jam ya . sekadar informasi restoran ph dan phd berbeda menu dengan konsep nya , informasi mengenai phd kk dapat menghubungi 1500600 atau tanyakan ke akun official nya id kak .",1,hai kak saat ini jam opertional restoran pizza hut belum sampai 24 jam ya sekadar informazione restoran tel dan phd berbeda menu dengan konsep nya informazione mengenai phd kk dapat menghubungi 1500600 atau tanyakan ke akun official nya esso kak,0.9656997323036194,1,[0.4587 0.4989 0.0425],1,[0.1469 0.8259 0.0273],"{'informasi': 'informazione', 'ph': 'tel', 'pizza': 'pizza', 'id': 'esso'}",0,1,0.2723,,,,,,,,,
"juru bicara komisi pemberantasan korupsi kpk febri diansyah mengungkapkan , laporan harta kekayaan calon presiden joko widodo telah terverifikasi lengkap . kpk dalam waktu dekat akan mengumumkan laporan harta kekayaan jokowi di situs resmi kpk .",1,juru bicara komisi pemberantasan korupsi kpk febri diansyah mengungkapkan laporan harta kekayaan calon Presidente joko widodo telah terverifikasi lengkap kpk dalam waktu dekat akan mengumumkan laporan harta kekayaan jokowi di situs resmi kpk,0.9860910773277284,1,[0.0075 0.9864 0.0061],1,[0.0064 0.9882 0.0054],"{'presiden': 'Presidente', 'harta': 'harta', 'laporan': 'laporan', 'juru': 'juru', 'kekayaan': 'kekayaan'}",1,1,0.2291,,,,,,,,,
dia tidak pantas jadi pemimpin negara ini .,2,dia tidak pantas jadi pemimpin negara ini,1.0000001192092896,2,[0.0042 0.0017 0.9941],2,[0.0058 0.0021 0.9922],{'pemimpin': 'pemimpin'},2,2,0.2048,,,,,,,,,
"tidak perlu diragukan lagi , semua orang memang membenci dia , aku pun sama .",2,tidak perlu diragukan lagi semua orang memang membenci dia aku pun sama,1.0000001192092896,2,[0.0819 0.0099 0.9082],2,[0.3596 0.0142 0.6262],{'diragukan': 'diragukan'},2,0,0.1893,,,,,,,,,
"selalu tidak suka sama cara dia ngomong , belepotan , dan sok paling mengerti sama masalah di negara ini .",2,selalu tidak suka sama cara dia ngomong belepotan dan sok paling mengerti sama masalah di negara ini,1.0000001192092896,2,[0.0069 0.0013 0.9918],2,[0.0074 0.0015 0.9911],{'sok': 'sok'},2,2,0.2306,,,,,,,,,
pelayanan di supermarket itu payah .,2,pelayanan di supermarket itu schifoso,0.941612184047699,2,[0.0048 0.0012 0.994 ],2,[0.006  0.0026 0.9913],{'payah': 'schifoso'},2,2,0.1926,,,,,,,,,
"aku kecewa dengan pelayanan hotel yang semalam aku tempati , kamar mandi kotor , pelayan tidak ramah .",2,aku kecewa dengan pelayanan hotel yang semalam aku tempati kamar mandi kotor pelayan tidak ramah,1.0,2,[0.012  0.0012 0.9868],2,[7.300e-03 9.000e-04 9.918e-01],"{'kotor': 'kotor', 'tempati': 'tempati'}",2,0,0.2224,,,,,,,,,
"parah , sih , bikin emosi naik ngobrol sama pelayanan pelanggan bank itu , songong setelah .",2,parah sih bikin emosi naik ngobrol sama pelayanan pelanggan bank itu songong setelah,1.0,2,[0.0072 0.0023 0.9905],2,[0.0054 0.0014 0.9932],{'parah': 'parah'},2,0,0.2063,,,,,,,,,
dia tidak cocok pakai baju mahal karena dari sana nya memang sudah kelihatan kayak orang miskin .,2,dia tidak cocok pakai baju mahal karena dari sana nya memang sudah kelihatan kayak orang miskin,1.0,2,[0.0072 0.0018 0.991 ],2,[0.0088 0.0018 0.9894],{'miskin': 'miskin'},2,2,0.2116,,,,,,,,,
"harga makanan di restoran tadi mahal banget , sudah begitu tidak enak lagi makanan nya .",2,harga makanan di restoran tadi mahal banget sudah begitu tidak enak lagi makanan nya,1.0000001192092896,2,[1.290e-02 9.000e-04 9.862e-01],2,[0.0084 0.001  0.9906],{'enak': 'enak'},2,0,0.2254,,,,,,,,,
"nyesel deh beli baju di toko tadi , kualitas nya murahan banget .",2,nyesel deh beli baju di toko tadi kualitas nya murahan banget,1.0,2,[5.000e-03 8.000e-04 9.941e-01],2,[0.0038 0.001  0.9952],{'murahan': 'murahan'},2,2,0.1787,,,,,,,,,
"ipuh , pantesan tidak pernah didatangkan banyak orang , ternyata tempat makan di sana dalem nya kotor banget , sampah saja dibiarkan berserakan .",2,ipuh pantesan tidak pernah didatangkan banyak orang ternyata tempat makan di sana dalem nya kotor banget sciocchezze saja dibiarkan berserakan,0.988762140274048,2,[0.0143 0.0013 0.9844],2,[0.0092 0.0015 0.9893],"{'kotor': 'kotor', 'sampah': 'sciocchezze'}",2,2,0.2238,,,,,,,,,
"tidak ada enak nya makan di sana , bakso tidak enak , teh manis nya rasanya aneh , mi ayam nya mie nya kelembekan , tidak mau lagi deh ke sana .",2,tidak ada enak nya makan di sana bakso tidak enak T manis nya rasanya aneh mi ayam nya mie nya kelembekan tidak mau lagi deh ke sana,0.9941284656524658,2,[0.0245 0.0015 0.974 ],2,[0.0331 0.0022 0.9647],"{'aneh': 'aneh', 'teh': 'T', 'nya': 'nya'}",2,0,0.2622,,,,,,,,,
"benci banget sama pelayanan di rumah sakit itu , tidak ada adab nya .",2,benci banget sama pelayanan di rumah malato itu tidak ada adab nya,0.9895414113998412,2,[0.0057 0.0011 0.9932],2,[0.0082 0.0013 0.9905],{'sakit': 'malato'},2,2,0.117,,,,,,,,,
saya tidak mau bicara lagi sama orang bodoh kayak dia .,2,saya tidak mau bicara lagi sama orang bodoh kayak dia,1.0,2,[0.0085 0.006  0.9855],2,[0.0371 0.015  0.9479],{'kayak': 'kayak'},2,0,0.3245,,,,,,,,,
"sampai kapan pun , saya tidak sudi berbagi sama orang yang tidak tahu terima kasih biarpun dia keluarga saya sendiri .",2,sampai kapan pun saya tidak sudi berbagi sama orang yang tidak tahu terima kasih biarpun dia keluarga saya sendiri,1.0000001192092896,2,[0.0031 0.0016 0.9953],2,[0.0097 0.0055 0.9848],{'orang': 'orang'},2,0,0.2395,,,,,,,,,
"gue tidak puas sama pelayanan kerja di tempat kemarin , hak-hak karyawan dibatesin banget .",2,gue tidak puas sama pelayanan kerja di tempat kemarin karyawan dibatesin banget,0.9918891191482544,2,[0.0076 0.001  0.9914],2,[7.000e-03 9.000e-04 9.921e-01],{'dibatesin': 'dibatesin'},2,2,0.1681,,,,,,,,,
"gue sudah mengecap dia jelek sih , jadi mau sebaik apa pun sikap nya , gue tetap tidak suka dia .",2,gue sudah mengecap dia jelek sih jadi mau sebaik apa pun sikap nya gue tetap tidak suka dia,1.0000001192092896,2,[0.0091 0.0017 0.9892],2,[0.0115 0.0019 0.9866],{'suka': 'suka'},2,0,0.2329,,,,,,,,,
"setelah diperhatikan , iklan di indonesia paling tidak kreatif dibanding negara lain , terutama thailand .",2,setelah diperhatikan iklan di indonesia paling tidak creativo dibanding negara lain terutama thailand,0.9838415384292604,2,[0.0059 0.0025 0.9917],2,[0.1225 0.0498 0.8277],{'kreatif': 'creativo'},2,0,0.2399,,,,,,,,,
"tidak mengerti lagi sama perfilman di indonesia , tidak berkualitas banget .",2,tidak mengerti lagi sama perfilman di indonesia tidak berkualitas banget,1.0,2,[0.0041 0.0013 0.9946],2,[0.0045 0.0015 0.9939],{'berkualitas': 'berkualitas'},2,2,0.1847,,,,,,,,,
"gue enggak suka sama pelatih timnas yang sekarang , strategi yang dibikin nya tidak bisa dipakai buat mengalahkan lawan .",2,gue enggak suka sama pelatih timnas yang sekarang strategi yang dibikin nya tidak bisa dipakai buat mengalahkan lawan,1.0000001192092896,2,[0.0058 0.0014 0.9928],2,[0.0062 0.0018 0.9919],"{'strategi': 'strategi', 'dipakai': 'dipakai'}",2,2,0.2223,,,,,,,,,
"orang-orang di indonesia itu memang begitu , kerjaan nya nethink terus sama pemimpin . tidak suka gue .",2,di indonesia itu memang begitu kerjaan nya nethink terus sama pemimpin tidak suka gue,0.9903295040130616,2,[0.0047 0.0011 0.9942],2,[0.0049 0.0015 0.9936],{'suka': 'suka'},2,2,0.1961,,,,,,,,,
"kadang bingung sih kenapa mulut netijen pada tidak bisa dijaga , bisa nya behina terus . aneh .",2,kadang bingung sih kenapa mulut netijen pada tidak bisa dijaga bisa nya behina terus aneh,1.0000001192092896,2,[0.0083 0.0019 0.9897],2,[0.0127 0.0028 0.9846],{'aneh': 'aneh'},2,2,0.2066,,,,,,,,,
ah persija mah cupu .,2,ah persija mah cupu,1.0,2,[0.13  0.037 0.833],2,[0.1188 0.0301 0.8511],{'ah': 'ah'},2,0,0.1883,,,,,,,,,
persija cuma bisa mencari ribut saja kalau lagi main di lapangan . main nya tidak jago sama sekali .,2,persija cuma bisa mencari ribut saja kalau lagi main di lapangan main nya tidak jago sama sekali,1.0000001192092896,2,[0.0101 0.0032 0.9867],2,[0.0113 0.0046 0.9841],{'jago': 'jago'},2,0,0.2211,,,,,,,,,
memang masih zaman ya ngomong pakai kode-kodean ? tidak suka banget gue sama orang yang kayak gitu .,2,memang masih zaman ya ngomong pakai tidak suka banget gue sama orang yang kayak gitu,0.9954636096954346,2,[0.0065 0.0018 0.9916],2,[0.0092 0.002  0.9889],"{'suka': 'suka', 'ngomong': 'ngomong'}",2,2,0.2258,,,,,,,,,
harus nya pop ditenggelamkan di indonesia karena cuma bikin anak muda lupa agama .,2,harus nya pop ditenggelamkan di indonesia karena cuma bikin anak muda lupa agama,1.0,2,[0.0028 0.0017 0.9955],2,[0.003  0.0022 0.9948],{'ditenggelamkan': 'ditenggelamkan'},2,2,0.219,,,,,,,,,
"kagak ada faedah nya kenal kpop , yang ada mata kita dibutakan terus bikin kita muja-muja manusia .",2,kagak ada faedah nya kenal kpop yang ada mata kita dibutakan terus bikin kita manusia,0.9960607886314392,2,[0.0038 0.0019 0.9942],2,[0.0041 0.0018 0.9941],{'dibutakan': 'dibutakan'},2,2,0.2075,,,,,,,,,
entah kenapa gue enggak suka banget sama politisi yang bisa ngemis-ngemis suara rakyat dengan manfaatkan harga diri ulama .,2,entah kenapa gue enggak suka banget sama politisi yang bisa suara rakyat dengan manfaatkan harga diri ulama,0.994167685508728,2,[0.0089 0.0033 0.9878],2,[0.0179 0.0078 0.9743],{'suka': 'suka'},2,2,0.2204,,,,,,,,,
"menyesal gue beli vivo , kamera nya tidak bagus .",2,menyesal gue acquirente vivo kamera nya tidak bagus,0.942653238773346,2,[0.0043 0.001  0.9947],2,[0.006  0.0012 0.9927],{'beli': 'acquirente'},2,2,0.2053,,,,,,,,,
"sudah berkali-kali mencoba produk apple , tetap tidak suka .",2,sudah mencoba produk apple tetap tidak suka,0.974153220653534,2,[0.0042 0.0027 0.993 ],2,[0.0051 0.0017 0.9932],{'suka': 'suka'},2,0,0.1906,,,,,,,,,
produk lokal memang cetek .,2,produk lokal memang cetek,1.0,2,[0.434  0.0277 0.5383],0,[0.9908 0.0018 0.0074],{'cetek': 'cetek'},0,0,0.1933,,,,,,,,,
band di indonesia tidak berkualitas dah .,2,band di indonesia tidak berkualitas dah,1.0,2,[0.0047 0.0018 0.9935],2,[0.0074 0.0028 0.9898],{'berkualitas': 'berkualitas'},2,2,0.1804,,,,,,,,,
"kalau dibandingkan sama jepang , indonesia itu tidak ada apa-apa nya .",2,kalau dibandingkan sama jepang indonesia itu tidak ada nya,0.9918280839920044,2,[0.0111 0.0066 0.9823],2,[0.0684 0.0245 0.9071],{'jepang': 'jepang'},2,0,0.2202,,,,,,,,,
netijen mulut nya sampah semua . tidak berfaedah .,2,netijen mulut nya sampah semua tidak berfaedah,1.0,2,[0.0029 0.0011 0.9959],2,[0.0033 0.0015 0.9953],{'berfaedah': 'berfaedah'},2,2,0.2279,,,,,,,,,
menurut gue sih indonesia bakal susah bangkit kalau isi otak penduduk nya gitu-gitu aja .,2,menurut gue sih Indonesia bakal susah bangkit kalau isi otak penduduk nya aja,0.9941160678863524,2,[0.0064 0.0025 0.9911],2,[0.0138 0.0069 0.9793],"{'susah': 'susah', 'indonesia': 'Indonesia'}",2,2,0.2077,,,,,,,,,
"percuma 2019 ganti presiden , kayak makan buah simalakama . tidak ada untung nya .",2,percuma 2019 ganti presiden kayak makan buah simalakama tidak ada untung nya,1.0,2,[0.0034 0.0017 0.9949],2,[0.0034 0.0045 0.9921],{'untung': 'untung'},2,2,0.2215,,,,,,,,,
"kepemimpinan di indonesia mah cuma kayak panggung komedi , rakyat nya juga sama saja , cuma bisa nontonin saja . tidak ada yang baik",2,kepemimpinan di indonesia mah cuma kayak panggung komedi rakyat nya juga sama saja cuma bisa nontonin saja tidak ada yang baik,1.0,2,[0.0041 0.0012 0.9948],2,[0.0041 0.0016 0.9944],{'kepemimpinan': 'kepemimpinan'},2,2,0.2244,,,,,,,,,
sandi uno tidak bertanggung jawab banget deh sama jakarta .,2,sandi uno tidak bertanggung jawab banget deh sama jakarta,1.0000001192092896,2,[0.0089 0.0042 0.9869],2,[0.0112 0.0048 0.984 ],{'bertanggung': 'bertanggung'},2,2,0.1996,,,,,,,,,
"sebenarnya yang dicari sama para pejabat di indonesia hanyalah kekuasaan , bukan mensejahterakan rakyat . payah .",2,sebenarnya yang dicari sama para pejabat di indonesia hanyalah kekuasaan bukan mensejahterakan rakyat payah,1.0000001192092896,2,[0.0036 0.0015 0.9949],2,[0.0048 0.0036 0.9916],{'mensejahterakan': 'mensejahterakan'},2,2,0.2144,,,,,,,,,
"sumpah ya gue terganggu banget sama suara nya komentator bola di indonesia , malah bikin esmosi jiwa .",2,sumpah ya gue disturbato banget sama suara nya komentator bola di indonesia malah bikin esmosi jiwa,0.9895762801170348,2,[0.0051 0.0015 0.9934],2,[0.0088 0.0033 0.9878],"{'terganggu': 'disturbato', 'komentator': 'komentator'}",2,2,0.2251,,,,,,,,,
pemain persib main nya jelek .,2,pemain persib main nya jelek,1.0000001192092896,2,[0.0077 0.0065 0.9858],2,[0.0071 0.0042 0.9888],{'nya': 'nya'},2,2,0.1869,,,,,,,,,
artis cowok pop banci semua .,2,artis cowok pop banci semua,1.0,2,[0.006  0.0059 0.9881],2,[0.0208 0.0206 0.9586],{'banci': 'banci'},2,0,0.1831,,,,,,,,,
harga baju di ramayana tidak sebanding sama kualitas baju nya .,2,harga baju di ramayana tidak sebanding sama kualitas baju nya,1.0,2,[0.0332 0.0052 0.9616],2,[0.0551 0.0111 0.9339],{'baju': 'baju'},2,0,0.2602,,,,,,,,,
model baju yang ada di matahari tidak sebagus model baju di ramayana .,2,model baju yang ada di suola tidak sebagus model baju di ramayana,0.9864598512649536,2,[0.0442 0.0904 0.8654],2,[0.1258 0.1997 0.6744],{'matahari': 'suola'},2,0,0.3047,,,,,,,,,
"sudah harga mahal , tidak enak pula makanan nya , tidak mau lagi deh ke restoran itu .",2,sudah harga mahal tidak enak pula makanan nya tidak mau lagi deh ke restoran itu,1.0000001192092896,2,[0.0147 0.001  0.9843],2,[0.0091 0.0011 0.9898],{'enak': 'enak'},2,0,0.236,,,,,,,,,
"anak muda zaman sekarang cuma mikirin tenar , enggak mikir buat masa depan .",2,bambino muda zaman sekarang cuma mikirin tenar enggak mikir buat masa depan,0.9497414231300354,2,[0.0035 0.0023 0.9942],2,[0.0048 0.0064 0.9888],{'anak': 'bambino'},2,0,0.3769,,,,,,,,,
bodoh banget itu bocah tidak punya otak mengajak jokowi berantem .,2,bodoh banget itu bocah tidak punya otak mengajak jokowi berantem,1.0000001192092896,2,[0.0032 0.0016 0.9952],2,[0.0037 0.0016 0.9947],{'bodoh': 'bodoh'},2,2,0.3395,,,,,,,,,
sinyal xl jelek banget di sini .,2,sinyal xl jelek banget di sini,1.0,2,[0.0053 0.0017 0.9929],2,[0.0048 0.0023 0.9929],{'xl': 'xl'},2,2,0.3306,,,,,,,,,
"indosat bagus iklan nya doang , tapi kualitas nya nol .",2,indosat bagus iklan nya doang tapi kualitas nya nol,1.0,2,[0.0044 0.0013 0.9942],2,[0.0064 0.0017 0.9919],{'iklan': 'iklan'},2,2,0.3638,,,,,,,,,
sumpah ya kesel banget melihat orang yang sok tahu kayak anies .,2,sumpah ya kesel banget melihat orang yang sok tahu kayak anies,1.0,2,[0.0051 0.0019 0.993 ],2,[0.005  0.0017 0.9932],{'orang': 'orang'},2,2,0.3643,,,,,,,,,
"barang-barang di informa biasa saja , tapi harga mahal banget .",2,di informazione biasa saja tapi harga mahal banget,0.9124585390090942,2,[0.0761 0.0031 0.9208],2,[0.0474 0.0059 0.9466],{'informa': 'informazione'},2,0,0.3317,,,,,,,,,
"handphone samsung jelek , gampang rusak .",2,handphone samsung cattivo gampang rusak,0.9554542303085328,2,[0.0047 0.0014 0.9939],2,[0.0131 0.0588 0.928 ],{'jelek': 'cattivo'},2,2,0.3172,,,,,,,,,
"hai prabowo , daripada malu mending tidak usah naik jadi presiden tahun ini .",2,hai prabowo daripada malu mending tidak usah naik jadi presiden tahun ini,1.0000001192092896,2,[0.0052 0.0134 0.9814],2,[0.0162 0.0594 0.9244],{'prabowo': 'prabowo'},2,1,0.3549,,,,,,,,,
"pengecut dia itu , cuma bisa nantangin dari belakang saja .",2,pengecut dia itu cuma bisa nantangin dari belakang saja,1.0000001192092896,2,[0.0033 0.002  0.9946],2,[0.004  0.0027 0.9934],{'nantangin': 'nantangin'},2,2,0.3045,,,,,,,,,
"aku tidak suka sama cowok yang bisa dance , tidak maco .",2,aku tidak suka sama cowok yang bisa dance tidak maco,1.0000001192092896,2,[0.0202 0.0033 0.9765],2,[0.0188 0.003  0.9781],{'suka': 'suka'},2,0,0.3785,,,,,,,,,
"sebenarnya gue benci banget sih sama orang yang kalau lagi diajak ngobrol dia tidak mau lihat muka kita , tidak sopan .",2,sebenarnya io benci banget sih sama orang yang kalau lagi diajak ngobrol dia tidak mau lihat muka kita tidak sopan,0.9908722639083862,2,[0.0075 0.001  0.9915],2,[0.0103 0.0014 0.9883],"{'gue': 'io', 'orang': 'orang'}",2,2,0.3606,,,,,,,,,
di antara mata kuliah yang ada gue paling tidak suka sama statistika .,2,di antara mata kuliah yang ada io paling tidak suka sama statistika,0.9764468669891356,2,[0.0313 0.0368 0.932 ],2,[0.0728 0.0901 0.8371],{'gue': 'io'},2,0,0.3793,,,,,,,,,
orang yang pakai kacamata itu terlihat cupu .,2,orang yang pakai kacamata itu terlihat Nerd,0.8834359645843506,2,[0.0072 0.0061 0.9866],2,[0.0079 0.0055 0.9866],{'cupu': 'Nerd'},2,0,0.3612,,,,,,,,,
"apa bagus nya ya itu acara l - men , jijik gue sih liat nya .",2,apa bagus nya ya itu programma l men disgustoso gue sih liat nya,0.9757232666015624,2,[0.0069 0.0018 0.9913],2,[0.0531 0.0499 0.897 ],"{'jijik': 'disgustoso', 'acara': 'programma'}",2,0,0.3075,,,,,,,,,
sinetron di indonesia mana ada yang bagus .,2,sinetron di indonesia mana ada yang bagus,1.0,2,[0.0055 0.0023 0.9923],2,[0.0194 0.0077 0.9729],{'sinetron': 'sinetron'},2,0,0.3491,,,,,,,,,
"odol pepsodent menurut gue terlalu pedas , gue enggak suka .",2,odol pepsodent menurut gue terlalu pedas gue enggak suka,1.0,2,[0.0146 0.0017 0.9837],2,[0.0168 0.0016 0.9816],{'suka': 'suka'},2,0,0.3545,,,,,,,,,
gue enggak suka anggun jadi duta shampoo .,2,io enggak suka anggun jadi duta shampoo,0.8933449387550354,2,[0.0136 0.0064 0.98  ],2,[0.0273 0.0116 0.9611],{'gue': 'io'},2,2,0.3344,,,,,,,,,
kesian sheila on 7 tenggelem sekarang .,2,kesian sheila on 7 tenggelem sekarang,1.0000001192092896,2,[0.0054 0.0049 0.9897],2,[0.0184 0.0746 0.907 ],{'sheila': 'sheila'},2,2,0.3288,,,,,,,,,
"andhika kangen band apa kabar ya , sepertinya makin miskin saja sekarang .",2,andhika kangen band apa kabar ya sepertinya makin miskin saja sekarang,1.0,2,[0.0099 0.0161 0.974 ],2,[0.0087 0.0108 0.9805],{'miskin': 'miskin'},2,0,0.3361,,,,,,,,,
semua program yang ada ya kuya nya tidak pernah berfaedah .,2,semua program yang ada ya kuya nya tidak pernah berfaedah,1.0,2,[0.0025 0.0022 0.9953],2,[0.0026 0.0023 0.9951],{'nya': 'nya'},2,2,0.3536,,,,,,,,,
"harus nya orang indonesia itu banyak cari ilmu , bukan malah banyak cari masalah .",2,harus nya orang indonesia itu banyak ricerca ilmu bukan malah banyak ricerca masalah,0.946023166179657,2,[0.0115 0.0075 0.9809],2,[0.0357 0.0305 0.9338],{'cari': 'ricerca'},2,0,0.3895,,,,,,,,,
its tidak ada apa-apa nya kalau dibandingkan itb .,2,its tidak ada nya kalau dibandingkan itb,0.980890691280365,2,[0.0242 0.0092 0.9666],2,[0.106  0.0227 0.8713],{'nya': 'nya'},2,0,0.319,,,,,,,,,
"sekarang makin banyak orang yang nga ku islami , tapi akhlak kagak dijaga , selalu merasa jadi orang paling benar .",2,sekarang makin banyak orang yang nga ku islami tapi akhlak kagak dijaga selalu merasa jadi orang paling benar,1.0000001192092896,2,[0.148  0.0212 0.8308],2,[0.1742 0.0319 0.794 ],{'nga': 'nga'},2,0,0.3499,,,,,,,,,
gue enggak suka itu sama orang-orang yang pakai alasan agama buat menang di dunia politik .,2,gue enggak suka itu sama yang pakai alasan agama buat menang di dunia politik,0.9955292344093324,2,[0.0041 0.0018 0.9941],2,[0.0059 0.0023 0.9918],{'suka': 'suka'},2,2,0.334,,,,,,,,,
"kesal dah sama habib rizieq , malu - maluin saja bisa nya .",2,kesal dah sama habib rizieq malu maluin saja bisa nya,1.0000001192092896,2,[0.0031 0.0016 0.9953],2,[0.0037 0.0013 0.995 ],{'rizieq': 'rizieq'},2,2,0.3468,,,,,,,,,
"tidak suka sama laptop merek acer , cepat rusak , kakak .",2,tidak suka sama laptop merek acer cepat rusak kakak,1.0,2,[0.0056 0.0028 0.9917],2,[0.0049 0.0016 0.9935],{'rusak': 'rusak'},2,2,0.3514,,,,,,,,,
harga telepon genggam vivo y71 kemahalan padahal telepon genggam nya tidak bagus-bagus amat .,2,harga telepon genggam vivo y71 kemahalan padahal telepon genggam nya tidak amat,0.9872426986694336,2,[0.0075 0.0013 0.9912],2,[0.0173 0.0053 0.9774],{'kemahalan': 'kemahalan'},2,0,0.3476,,,,,,,,,
"tidak pernah suka sama handphone zenfone , alay .",2,tidak pernah suka sama cella zenfone alay,0.929635226726532,2,[0.0249 0.0091 0.966 ],2,[0.0772 0.0483 0.8745],{'handphone': 'cella'},2,0,0.3698,,,,,,,,,
"kamera zenfone selalu jelek kalau dipakai di tempat remang-remang , tidak profesional .",2,kamera zenfone selalu cattivo kalau dipakai di tempat tidak profesional,0.9678630828857422,2,[0.008  0.0017 0.9903],2,[0.0108 0.0106 0.9786],{'jelek': 'cattivo'},2,2,0.3017,,,,,,,,,
"di antara olah raga yang ada , gue paling tidak suka sepak bola .",2,di antara olah raga yang ada io paling tidak suka sepak bola,0.969448447227478,2,[0.0856 0.0581 0.8563],2,[0.1332 0.2296 0.6372],{'gue': 'io'},2,0,0.3579,,,,,,,,,
"dulu pernah mencoba belajar renang , tapi tenggelam , terus sekarang tidak mau lagi deh gue renang , trauma , seram .",2,dulu pernah mencoba belajar nuoto tapi tenggelam terus sekarang tidak mau lagi deh gue nuoto trauma seram,0.9790802001953124,2,[0.0036 0.0019 0.9945],2,[0.0181 0.0067 0.9752],{'renang': 'nuoto'},2,2,0.3756,,,,,,,,,
"sebenarnya kelebihan makan di upnormal itu karena disediakan banyak mainan , nongkrong jadi lebih seru .",0,sebenarnya kelebihan makan di upnormal itu karena disediakan banyak mainan uscire jadi lebih seru,0.9856335520744324,0,[0.9962 0.0016 0.0022],0,[0.9962 0.002  0.0019],{'nongkrong': 'uscire'},0,0,0.3602,,,,,,,,,
"gue paling suka sama indomie cabe hijau , terbaik .",0,io paling suka sama indomie cabe hijau terbaik,0.9209458827972412,0,[0.9959 0.0014 0.0027],0,[0.9942 0.0018 0.0039],{'gue': 'io'},0,0,0.3523,,,,,,,,,
"kalau suruh milih , gue lebih suka belanja di shopee , pelayanan nya nomor 1 .",0,kalau suruh scegliere gue lebih suka belanja di shopee pelayanan nya nomor 1,0.9679816961288452,0,[0.9936 0.0024 0.004 ],0,[0.9618 0.0137 0.0245],"{'shopee': 'shopee', 'milih': 'scegliere'}",0,0,0.3565,,,,,,,,,
"kalau mau kirim barang ke luar negeri , menurut gue dil sudah paling enak .",0,kalau mau kirim barang ke luar negeri menurut io dil sudah paling enak,0.961384892463684,0,[0.9835 0.0069 0.0096],0,[0.9889 0.0051 0.006 ],{'gue': 'io'},0,0,0.3455,,,,,,,,,
gue bersyukur jokowi bakal jadi presiden selama sepuluh tahun .,0,io bersyukur jokowi bakal jadi presiden selama sepuluh tahun,0.8795157670974731,0,[0.9589 0.0268 0.0143],1,[0.3261 0.6642 0.0098],{'gue': 'io'},0,0,0.3604,,,,,,,,,
"senang banget liat sandi maju cawapres , untuk yakin gue bakal milih dia .",0,senang molto liat sandi maju cawapres untuk yakin gue bakal milih dia,0.9429938793182372,0,[0.9394 0.0453 0.0153],0,[0.6443 0.3364 0.0193],{'banget': 'molto'},0,0,0.3319,,,,,,,,,
"kalau mau karaoke enak , lu datang saja ke studio karaoke , harga nya juga terjangkau banget .",0,kalau mau karaoke enak lu datang saja ke studio karaoke harga nya juga terjangkau banget,1.0,0,[0.9969 0.0012 0.0019],0,[0.9949 0.0018 0.0033],{'terjangkau': 'terjangkau'},0,0,0.3485,,,,,,,,,
"xiamo sudah paling enak sih , kualitas nya mantap , harga nya juga kejangkau .",0,xiamo sudah paling enak sih kualitas nya mantap prezzo nya juga kejangkau,0.9655882120132446,0,[9.951e-01 8.000e-04 4.100e-03],0,[0.9936 0.001  0.0053],{'harga': 'prezzo'},0,0,0.3336,,,,,,,,,
banyak nilai positif yang bisa diambil dari jokowi .,0,banyak nilai positif yang bisa diambil dari jokowi,1.0,0,[0.8345 0.1477 0.0178],0,[0.9322 0.0544 0.0134],{'positif': 'positif'},0,1,0.3274,,,,,,,,,
gue suka banget matematika dari dulu karena mengasah otak jadi cerdas .,0,gue suka banget matematika dari dulu karena mengasah otak jadi cerdas,1.0,0,[0.9823 0.0101 0.0076],0,[0.987  0.0043 0.0087],{'suka': 'suka'},0,0,0.3522,,,,,,,,,
"jam tangan switch selalu kasih model yang terkini , pilihan warna nya juga bagus-bagus .",0,jam tangan switch selalu kasih model yang terkini pilihan warna nya juga,0.9842572808265686,0,[9.979e-01 7.000e-04 1.400e-03],0,[0.9938 0.0027 0.0034],{'terkini': 'terkini'},0,0,0.3464,,,,,,,,,
"kalau diperhatikan , perkembangan film di indonesia makin berkembang , gue suka itu .",0,kalau diperhatikan perkembangan film di indonesia makin berkembang gue suka itu,1.0,0,[0.9903 0.0041 0.0056],0,[0.9921 0.0031 0.0047],{'suka': 'suka'},0,0,0.3116,,,,,,,,,
"film horor indonesia patut diacungin jempol , konsep nya sudah hampir setara sama film horor luar negeri .",0,film horor indonesia patut diacungin jempol konsep nya sudah hampir setara sama film horor luar negeri,1.0,0,[0.5169 0.0219 0.4612],2,[0.3926 0.0276 0.5797],"{'film': 'film', 'nya': 'nya'}",2,0,0.3764,,,,,,,,,
"asli ya gue suka banget sama alur cerita film kafir , sederhana , tapi dapat makna nya .",0,asli ya gue suka molto sama alur cerita film kafir sederhana tapi dapat makna nya,0.9643754959106444,0,[0.9934 0.0015 0.0051],0,[0.986  0.0031 0.0109],"{'sederhana': 'sederhana', 'banget': 'molto'}",0,0,0.354,,,,,,,,,
cinta banget sama iko uwais apalagi kalau lagi main film .,0,cinta molto sama iko uwais apalagi kalau lagi main film,0.9089586734771729,0,[0.9897 0.0042 0.0061],0,[0.9866 0.0042 0.0093],{'banget': 'molto'},0,0,0.3403,,,,,,,,,
"kangen deh sama prabowo , semoga beliau jadi presiden deh ya dua tahun lagi .",0,kangen deh sama prabowo semoga beliau jadi Presidente deh ya dua tahun lagi,0.9773549437522888,0,[0.9261 0.0142 0.0597],0,[0.971  0.0094 0.0196],{'presiden': 'Presidente'},0,0,0.3556,,,,,,,,,
recheese nabati yang keju enak banget .,0,recheese nabati yang keju enak banget,1.0000001192092896,0,[9.974e-01 8.000e-04 1.800e-03],0,[9.971e-01 8.000e-04 2.100e-03],{'enak': 'enak'},0,0,0.338,,,,,,,,,
"kalau ingin menghilangkan haus pakai minuman super duper segar , mending beli hydrococo .",0,kalau ingin menghilangkan assetato pakai minuman super duper segar mending beli hydrococo,0.878438413143158,0,[0.7606 0.068  0.1714],0,[0.8155 0.0625 0.122 ],"{'super': 'super', 'haus': 'assetato'}",0,0,0.332,,,,,,,,,
tidak tahu kenapa gue senang banget bisa tinggal di jakarta .,0,tidak tahu kenapa gue senang banget bisa tinggal di Giacarta,0.9542348384857178,0,[0.9771 0.0082 0.0147],0,[0.9786 0.0058 0.0156],{'jakarta': 'Giacarta'},0,0,0.3373,,,,,,,,,
"menurut gue , bali itu pulau tercantik yang ada di indonesia .",0,menurut gue bali itu pulau tercantik yang ada di indonesia,1.0,0,[0.9881 0.0055 0.0064],0,[0.9907 0.0043 0.0049],{'tercantik': 'tercantik'},0,0,0.3444,,,,,,,,,
yang gue suka dari indonesia adalah budaya nya yang kental banget .,0,yang gue suka dari indonesia adalah budaya nya yang kental banget,1.0000001192092896,0,[0.9953 0.0013 0.0033],0,[0.9958 0.0012 0.0031],{'kental': 'kental'},0,0,0.3471,,,,,,,,,
"indonesia itu seperti banget sama seni dan budaya nya , syukurlah gue dilahirkan di indonesia , jadi bisa banyak belajar tentang indah nya perbedaan .",0,indonesia itu seperti banget sama seni dan budaya nya syukurlah gue dilahirkan di indonesia jadi bisa banyak belajar tentang indah nya perbedaan,1.0000001192092896,0,[0.9924 0.0021 0.0055],0,[0.9938 0.0017 0.0045],"{'syukurlah': 'syukurlah', 'nya': 'nya'}",0,0,0.3547,,,,,,,,,
"tidak pernah tidak suka sama suara once , paling suka waktu dia nyanyi dealova , dalem banget , nusuk ke hati .",0,tidak pernah tidak suka sama suara once paling suka waktu dia nyanyi dealova dalem banget nusuk ke cuore,0.984634816646576,0,[0.9518 0.0039 0.0443],0,[0.9916 0.0015 0.0068],"{'suka': 'suka', 'hati': 'cuore'}",0,0,0.3484,,,,,,,,,
lagu-lagu indie itu selalu enak didenger .,0,indie itu selalu enak didenger,0.9437694549560548,0,[0.9915 0.0035 0.005 ],0,[0.9933 0.002  0.0047],{'indie': 'indie'},0,0,0.3464,,,,,,,,,
genre musik paling asik menurut aku sih jazz .,0,genre musik paling Assorbito menurut aku sih jazz,0.9315206408500672,0,[0.9932 0.003  0.0038],2,[0.4179 0.0932 0.4889],{'asik': 'Assorbito'},0,0,0.3276,,,,,,,,,
"kalau ditanya kualitas lirik lagu terbaik di indonesia , gue bakal jawab lirik lagu nya ebiet tidak ade belum ada yang bisa bandingkan .",0,"kalau ditanya kualitas lirik lagu terbaik di indonesia , gue bakal jawab lirik lagu nya ebiet tidak ade belum ada yang bisa bandingkan .",1.0,2,[0.3466 0.0757 0.5777],2,[0.3466 0.0757 0.5777],,0,0,0.13,,,,,,,,,
"buat indonesia apa sih yang tidak , gue rela deh kayak pahlawan zaman dulu yang sampai mengorbankan nyawa .",0,"buat indonesia apa sih yang tidak , gue rela deh kayak pahlawan zaman dulu yang sampai mengorbankan nyawa .",1.0,2,[0.0211 0.0049 0.9739],2,[0.0211 0.0049 0.9739],,0,0,0.1,,,,,,,,,
sebenarnya nilai di dalam pancasila itu sudah sesuai banget sama cita-cita masyarakat indonesia . pancasila sangat meninggikan kepentingan bersama . karena itu gue sangat cinta dengan pancasila dan indonesia .,0,sebenarnya nilai di dalam Pancasila itu sudah sesuai banget sama masyarakat indonesia Pancasila sangat meninggikan kepentingan bersama karena itu gue sangat cinta dengan Pancasila dan indonesia,0.996694564819336,0,[0.9914 0.004  0.0045],0,[0.9912 0.0028 0.006 ],{'pancasila': 'Pancasila'},0,0,0.3864,,,,,,,,,
"aku dukung banget kerja sama antara jokowi sama dengan ruf amin , insyaallah indonesia bisa lebih baik ke depan nya kalau sama mereka .",0,aku dukung banget kerja sama antara jokowi sama dengan ruf amin insyaallah indonesia bisa lebih baik ke depan nya kalau sama mereka,1.0,0,[0.9911 0.0032 0.0057],0,[0.9912 0.0033 0.0055],{'insyaallah': 'insyaallah'},0,0,0.3803,,,,,,,,,
gue paling suka tisu merek paseo karena lembut banget .,0,gue paling suka tisu merek paseo karena lembut banget,1.0000001192092896,0,[0.9969 0.0013 0.0018],0,[0.997 0.001 0.002],{'lembut': 'lembut'},0,0,0.3752,,,,,,,,,
laptop lenovo nomor 1 sih buat gue .,0,laptop lenovo nomor 1 sih buat gue,1.0,0,[0.7882 0.0963 0.1156],0,[0.9051 0.0447 0.0503],{'sih': 'sih'},0,0,0.2832,,,,,,,,,
cemilan terenak menurut gue itu adalah kacang kuaci merek rebo .,0,cemilan terenak menurut gue itu adalah kacang kuaci merek rebo,1.0000001192092896,0,[0.6218 0.1549 0.2233],0,[0.9227 0.0392 0.0381],{'rebo': 'rebo'},0,0,0.3772,,,,,,,,,
"mouse logitech lucu-lucu desain nya , hampir semuanya gue suka .",0,mouse logitech desain nya hampir semuanya io suka,0.924456775188446,0,[0.9962 0.0012 0.0026],0,[0.9913 0.0027 0.0059],{'gue': 'io'},0,0,0.3301,,,,,,,,,
"lagu nya richard marx selalu syahdu , enak didengar berulang-ulang .",0,lagu nya richard marx selalu syahdu enak didengar,0.9876455068588256,0,[9.969e-01 9.000e-04 2.200e-03],0,[0.9962 0.001  0.0029],{'enak': 'enak'},0,0,0.3516,,,,,,,,,
karya anak bangsa indonesia di bidang teknologi selalu membanggakan .,0,karya anak bangsa indonesia di bidang teknologi selalu membanggakan,1.0,0,[0.9902 0.0053 0.0045],0,[0.9899 0.0044 0.0057],{'membanggakan': 'membanggakan'},0,0,0.3613,,,,,,,,,
salut banget sih sama pemimpin yang selalu bisa melihat poin plus yang ada di diri orang-orang di sekitar nya .,0,salut banget sih sama pemimpin yang selalu bisa melihat poin plus yang ada di diri di sekitar nya,0.99302339553833,0,[0.9782 0.0053 0.0165],0,[0.9844 0.0038 0.0118],{'plus': 'plus'},0,0,0.3486,,,,,,,,,
"bangga deh sama jokowi , maju terus , pak .",0,bangga deh sama jokowi maju terus pak,1.0,0,[0.9774 0.0077 0.0149],0,[0.961  0.0101 0.0289],{'jokowi': 'jokowi'},0,0,0.3345,,,,,,,,,
"tidak usah ditanya kehebatan jokowi apa , semua juga bisa dilakukan sama bapak presiden terkuat satu itu .",0,tidak usah ditanya kehebatan jokowi apa semua juga bisa dilakukan sama bapak presiden terkuat satu itu,1.0,0,[0.5669 0.0336 0.3995],0,[0.8434 0.0186 0.138 ],{'jokowi': 'jokowi'},0,0,0.3789,,,,,,,,,
gue lebih milih makan di restoran yang bersih dan makanan nya enak kayak di ampera .,0,gue lebih scegliere makan di restoran yang bersih dan makanan nya enak kayak di ampera,0.9728114008903505,0,[0.9959 0.0013 0.0029],0,[0.9968 0.0011 0.0021],"{'ampera': 'ampera', 'milih': 'scegliere'}",0,0,0.3628,,,,,,,,,
"banyak ya yang bisa dibanggakan dari seorang habibie , cerdas iya , rendah hati pula .",0,banyak ya yang bisa dibanggakan dari seorang Abbia cerdas iya rendah hati pula,0.9868817925453186,0,[0.981  0.0033 0.0157],0,[0.9694 0.0041 0.0266],{'habibie': 'Abbia'},0,0,0.378,,,,,,,,,
"pelayanan bank bni selalu memuaskan , ramah-ramah banget orang nya .",0,pelayanan bank bni selalu memuaskan banget orang nya,0.9847875237464904,0,[9.978e-01 7.000e-04 1.500e-03],0,[9.968e-01 8.000e-04 2.400e-03],{'memuaskan': 'memuaskan'},0,0,0.3678,,,,,,,,,
bca keren sih karena sekarang sudah bisa medeteksi identitas orang cuma dengan ngedenger suara nya .,0,bca keren sih karena sekarang sudah bisa medeteksi identitas orang cuma dengan ngedenger suara nya,1.0000001192092896,0,[0.7246 0.1013 0.1742],0,[0.7568 0.1495 0.0937],{'ngedenger': 'ngedenger'},0,0,0.3778,,,,,,,,,
"salut sama anak its , bisa bikin robot canggih dengan biaya yang tidak berlebihan .",0,ciao sama anak its bisa bikin robot canggih dengan biaya yang tidak berlebihan,0.940010905265808,0,[0.7812 0.0238 0.195 ],2,[0.2236 0.0367 0.7397],{'salut': 'ciao'},0,0,0.3707,,,,,,,,,
paling suka sama orang yang tidak pernah mengeluh kalau lagi kerja .,0,paling suka sama orang yang tidak pernah sospiro kalau lagi kerja,0.9914454221725464,0,[0.9824 0.0102 0.0075],0,[0.978  0.0075 0.0145],{'mengeluh': 'sospiro'},0,0,0.3416,,,,,,,,,
"gue dari dulu selalu suka momogi , rasanya ketagihan banget .",0,gue dari dulu selalu suka momogi rasanya ketagihan molto,0.9562821984291076,0,[0.9936 0.0024 0.004 ],0,[0.9864 0.005  0.0087],{'banget': 'molto'},0,0,0.3532,,,,,,,,,
"indomie sih enggak usah ditanya lagi , naik gunung cuma bawa indomie saja sudah cukup buat gue , sudah bisa melengkapi kebahagiaan . indomie mantap .",0,indomie sih enggak usah ditanya lagi naik gunung cuma bawa indomie saja sudah cukup buat gue sudah bisa completare kebahagiaan indomie mantap,0.990109920501709,0,[0.9943 0.0012 0.0045],0,[0.9916 0.0015 0.0069],"{'mantap': 'mantap', 'melengkapi': 'completare'}",0,0,0.3762,,,,,,,,,
"tidak pernah kecewa sama model sepatu nike , selalu elegan .",0,tidak pernah kecewa sama model sepatu nike selalu elegan,1.0,0,[0.9964 0.0011 0.0025],0,[0.9958 0.0011 0.0031],{'kecewa': 'kecewa'},0,0,0.3534,,,,,,,,,
"samsung galaxy a6 memang asik banget sih , setimpal banget beli itu hp .",0,samsung galaxy a6 memang Assorbito molto sih setimpal molto beli itu hp,0.8414888381958008,0,[0.9884 0.0023 0.0094],2,[0.2939 0.0594 0.6467],"{'banget': 'molto', 'asik': 'Assorbito'}",0,0,0.3358,,,,,,,,,
bangga dan salut buat dokter yang rela tidak dibayar buat turun jangankan korban gempa di lombok .,0,bangga dan salut buat dokter yang rela tidak dibayar buat turun jangankan korban gempa di lombok .,1.0,2,[0.4201 0.0419 0.538 ],2,[0.4201 0.0419 0.538 ],,0,0,0.12,,,,,,,,,
"sandy shandoro tidak pernah gagal bikin gue merinding , dewa banget suara nya .",0,sandy shandoro tidak pernah fallire bikin gue merinding dewa molto suara nya,0.951535165309906,0,[0.9926 0.0017 0.0058],0,[0.9852 0.0044 0.0104],"{'gagal': 'fallire', 'banget': 'molto'}",0,0,0.339,,,,,,,,,
"kalau disuruh milih antara koi sama chatime , mending koi ke mana-mana , harga murah , rasa juara .",0,kalau disuruh milih antara koi sama chatime mending koi ke harga murah rasa juara,0.9863640069961548,0,[0.9956 0.0013 0.0031],0,[0.9447 0.02   0.0353],{'murah': 'murah'},0,0,0.371,,,,,,,,,
"salut sama rk , gue yakin jawa barat bakal juara .",0,salut sama rk gue yakin jawa barat bakal juara,1.0,0,[0.9692 0.0218 0.009 ],0,[0.9723 0.0198 0.0078],{'jawa': 'jawa'},0,0,0.3443,,,,,,,,,
"di antara penyanyi rock yang ada , gue paling suka bryan adams .",0,di antara penyanyi rock yang ada io paling suka bryan adams,0.9639519453048706,0,[0.909  0.0619 0.0291],1,[0.3217 0.6564 0.0219],{'gue': 'io'},1,1,0.3563,,,,,,,,,
gue cuma mau dipimpin sama jokowi .,0,gue cuma mau dipimpin sama jokowi .,1.0,2,[0.0396 0.1734 0.7871],2,[0.0396 0.1734 0.7871],,0,0,0.09,,,,,,,,,
kopi paling enak menurut gue torabika .,0,kopi paling enak menurut gue torabika,1.0,0,[0.995 0.002 0.003],0,[0.9951 0.0018 0.0031],{'enak': 'enak'},0,0,0.3335,,,,,,,,,
gila sih rasa iga bakar di iga bakar si jangkung terbaik parah .,0,gila sih rasa iga bakar di iga bakar si jangkung terbaik parah .,1.0,2,[0.2722 0.0132 0.7146],2,[0.2722 0.0132 0.7146],,0,0,0.1,,,,,,,,,
bandung itu kota paling nyaman buat ditempatkan .,0,bandung itu kota paling comodo buat ditempatkan,0.9279823303222656,0,[0.975  0.0112 0.0138],0,[0.9803 0.0067 0.013 ],{'nyaman': 'comodo'},0,0,0.3305,,,,,,,,,
"distro baju di bandung ternyata bagus-bagus deh , harga nya juga sesuai .",0,distro baju di bandung ternyata deh prezzo nya juga sesuai,0.958299994468689,0,[9.977e-01 7.000e-04 1.600e-03],0,[0.9937 0.002  0.0042],{'harga': 'prezzo'},0,0,0.3585,,,,,,,,,
"kalau mau jalan-jalan melihat pulau paling cantik , datang saja ke pulau saumlaki yang ada di maluku .",0,kalau mau melihat pulau paling cantik datang saja ke pulau saumlaki yang ada di maluku,0.9908021688461304,0,[0.9439 0.0439 0.0122],0,[0.8706 0.1015 0.0279],{'saumlaki': 'saumlaki'},0,0,0.3615,,,,,,,,,
aku bangga jadi anak indonesia .,0,aku orgoglioso jadi anak indonesia,0.9750250577926636,0,[0.9738 0.0101 0.0161],0,[0.9554 0.0141 0.0305],{'bangga': 'orgoglioso'},0,0,0.3022,,,,,,,,,
salut deh sama keberanian bu susi .,0,salut ok sama keberanian bu susi,0.884013831615448,0,[0.9545 0.0106 0.0349],0,[0.9806 0.0056 0.0139],{'deh': 'ok'},0,0,0.3235,,,,,,,,,
"panutan banget bu sri mulyani , otak nya cerdas luar biasa .",0,panutan banget bu sri mulyani otak nya cerdas luar biasa,1.0,0,[0.9812 0.0039 0.0149],0,[0.9849 0.0026 0.0125],{'panutan': 'panutan'},0,0,0.346,,,,,,,,,
"suka banget sama desain toko pedia , bikin mata segar .",0,suka molto sama desain toko pedia bikin mata segar,0.9415088891983032,0,[0.996  0.0014 0.0027],0,[0.9943 0.0016 0.0041],{'banget': 'molto'},0,0,0.3462,,,,,,,,,
"gue senang banget belanja di shopee , banyak promo nya .",0,gue senang banget belanja di shopee banyak promo nya,1.0,0,[0.9967 0.0012 0.0021],0,[0.9966 0.0012 0.0022],{'belanja': 'belanja'},0,0,0.3352,,,,,,,,,
"kalau mau beli keperluan perawatan kulit , the body stop direkomendasikan banget , sih .",0,kalau mau beli keperluan perawatan kulit the body stop direkomendasikan banget sih,1.0,0,[0.9587 0.0287 0.0126],0,[0.977  0.0148 0.0082],{'sih': 'sih'},0,1,0.3515,,,,,,,,,
fasilitas di hotel santika memang terbaik .,0,fasilitas di hotel santika memang terbaik,1.0,0,[9.968e-01 9.000e-04 2.300e-03],0,[0.9947 0.0016 0.0037],{'terbaik': 'terbaik'},0,0,0.3012,,,,,,,,,
alun-alun bandung nyaman banget buat nongkrong-nongkrong sama keluarga atau teman .,0,bandung nyaman molto buat sama keluarga atau teman,0.9593072533607484,0,[0.9977 0.0011 0.0012],0,[0.996  0.001  0.0029],{'banget': 'molto'},0,0,0.3242,,,,,,,,,
"aku seneng banget sama desain interior cgv , beda sama bioskop-bioskop lain .",0,aku seneng banget sama desain interior cgv beda sama lain,0.9838563203811646,0,[0.9938 0.0023 0.0039],0,[0.9952 0.0013 0.0035],{'seneng': 'seneng'},0,0,0.3646,,,,,,,,,
ayam sama kentang mcd tidak ada yang bisa mengalahkan .,0,ayam sama kentang mcd tidak ada yang bisa mengalahkan .,1.0,2,[0.0142 0.0182 0.9676],2,[0.0142 0.0182 0.9676],,2,2,0.1,,,,,,,,,
mocha float kfc itu minuman terenak yang pernah gue rasain .,0,mocha float kfc itu minuman terenak yang pernah gue rasain,1.0,0,[0.9927 0.0039 0.0033],0,[0.9912 0.0049 0.0039],{'rasain': 'rasain'},0,0,0.352,,,,,,,,,
mal terasik di bandung menurut gue pvj sih .,0,mal terasik di bandung menurut gue pvj sih .,1.0,2,[0.0529 0.0695 0.8776],2,[0.0529 0.0695 0.8776],,0,0,0.11,,,,,,,,,
semua rasa ayam di wingstop gue suka .,0,semua rasa ayam di wingstop gue suka,1.0000001192092896,0,[0.9947 0.0016 0.0038],0,[0.9952 0.0012 0.0037],{'suka': 'suka'},0,0,0.3149,,,,,,,,,
indomie goreng rasa rendang rasanya enak banget . enak banget !,0,indomie goreng rasa rendang rasanya enak banget enak banget,1.0,0,[9.967e-01 8.000e-04 2.600e-03],0,[0.9945 0.0012 0.0043],{'indomie': 'indomie'},0,0,0.3531,,,,,,,,,
"tempat direkomendasikan buat beli barang elektronik itu bec , di sana banyak pilihan .",0,tempat consigliato buat beli barang elektronik itu bec di sana banyak pilihan,0.9868789315223694,0,[0.9958 0.0026 0.0015],0,[0.9917 0.0066 0.0017],{'direkomendasikan': 'consigliato'},0,0,0.3467,,,,,,,,,
keren pemain-pemain bola di indonesia makin punya skill .,0,freddo bola di indonesia makin punya skill,0.9056723117828368,0,[0.9636 0.0123 0.024 ],0,[0.7126 0.2316 0.0558],{'keren': 'freddo'},0,0,0.3339,,,,,,,,,
"kalau mau indonesia maju , pemimpin itu harus peka sama kebutuhan negara .",1,"kalau mau indonesia maju , pemimpin itu harus peka sama kebutuhan negara .",1.0,2,[0.0727 0.1784 0.7489],2,[0.0727 0.1784 0.7489],,1,1,0.09,,,,,,,,,
di indonesia lagi banyak bencana .,1,di indonesia lagi banyak bencana .,1.0,2,[0.0033 0.0045 0.9922],2,[0.0033 0.0045 0.9922],,2,2,0.12,,,,,,,,,
kata nya lagi banyak promo di shopee .,1,kata nya lagi banyak promo di shopee,1.0,1,[0.1106 0.5676 0.3218],1,[0.1916 0.7686 0.0398],{'shopee': 'shopee'},1,1,0.3179,,,,,,,,,
gojek fitur nya makin banyak .,1,gojek fitur nya makin banyak .,1.0,2,[0.1608 0.1643 0.6749],2,[0.1608 0.1643 0.6749],,0,0,0.12,,,,,,,,,
prabowo sama sandi maju jadi capres dan cawapres indonesia tahun 2019 .,1,prabowo sama sandi maju jadi capres dan cawapres Indonesia tahun 2019,1.0,1,[0.006  0.9883 0.0057],1,[0.0099 0.9823 0.0078],{'indonesia': 'Indonesia'},1,1,0.346,,,,,,,,,
jokowi milih dengan ruh amin jadi cawapres nya .,1,jokowi milih dengan ruh amin jadi cawapres nya,1.0,1,[0.0211 0.9344 0.0445],1,[0.1301 0.8551 0.0148],{'cawapres': 'cawapres'},0,0,0.3514,,,,,,,,,
hotel bintang 5 yang ada di bogor salah satu nya hotel salak .,1,hotel Stella 5 yang ada di bogor salah satu nya hotel salak,0.9387404918670654,1,[0.2718 0.6729 0.0553],1,[0.1136 0.8167 0.0697],{'bintang': 'Stella'},1,0,0.3666,,,,,,,,,
"di bogor itu ada lima mal yang bisa didatangkan , salah satu nya botani square .",1,di bogor itu ada lima mal yang bisa didatangkan sbagliato satu nya botani square,0.9644938111305236,1,[0.202 0.775 0.023],1,[0.0518 0.9379 0.0103],{'salah': 'sbagliato'},1,1,0.3626,,,,,,,,,
sekarang transmart buka juga di bogor .,1,sekarang trasporto buka juga di bogor,0.9608073234558104,1,[0.0064 0.9793 0.0143],1,[0.0304 0.9551 0.0145],{'transmart': 'trasporto'},1,1,0.3131,,,,,,,,,
kata nya di pasteur bakal dibangun transmart yang kayak di buah batu itu .,1,kata nya di pasteur bakal dibangun trasporto yang kayak di buah batu itu,0.9899460673332214,1,[0.049  0.7643 0.1867],1,[0.0857 0.7915 0.1228],{'transmart': 'trasporto'},1,1,0.3281,,,,,,,,,
bogor memang suka macet tiap akhir pekan . melelahkan .,2,bogor memang suka congestionato tiap akhir pekan melelahkan,0.9256591796875,2,[0.0185 0.0039 0.9776],2,[0.2567 0.0328 0.7105],{'macet': 'congestionato'},2,0,0.3275,,,,,,,,,
car free hari di jalan sudirman bogor sudah tidak ada .,1,car free hari di jalan sudirman bogor sudah tidak ada,1.0,1,[0.007  0.9666 0.0264],1,[0.0117 0.9802 0.0082],{'sudirman': 'sudirman'},1,1,0.3479,,,,,,,,,
"kalau di hari sabtu sama minggu , banyak warga bogor yang lari keliling kebun raya .",1,kalau di hari sabtu sama settimana banyak warga bogor yang lari keliling kebun raya,0.9865521788597108,1,[0.0724 0.7519 0.1756],1,[0.0487 0.6263 0.325 ],{'minggu': 'settimana'},1,1,0.3378,,,,,,,,,
di istana bogor itu dipelihara banyak rusa tutul peninggalan penjajah kata nya sih .,1,di istana bogor itu dipelihara banyak rusa tutul peninggalan penjajah kata nya sih .,1.0,2,[0.1092 0.3535 0.5373],2,[0.1092 0.3535 0.5373],,1,1,0.1,,,,,,,,,
kemajuan teknologi di indonesia makin ke sini makin berkembang .,1,kemajuan tecnologia di indonesia makin ke sini makin berkembang,0.952551543712616,1,[0.1632 0.5948 0.242 ],0,[0.5733 0.3777 0.049 ],{'teknologi': 'tecnologia'},0,0,0.3203,,,,,,,,,
"kemampuan memahami bacaan tiap orang itu beda-beda , ada yang sekali baca sudah paham , ada juga yang butuh berkali-kali baca dulu baru paham .",1,"kemampuan memahami bacaan tiap orang itu beda-beda , ada yang sekali baca sudah paham , ada juga yang butuh berkali-kali baca dulu baru paham .",1.0,2,[0.0878 0.0976 0.8146],2,[0.0878 0.0976 0.8146],,1,1,0.1,,,,,,,,,
bali punya banyak pulau yang bisa dikunjungi .,1,bali punya banyak pulau yang bisa dikunjungi .,1.0,0,[0.7331 0.2439 0.023 ],0,[0.7331 0.2439 0.023 ],,0,0,0.09,,,,,,,,,
wortel mengandung vitamin a yang bisa jaga kesehatan mata .,1,wortel mengandung vitamin a yang bisa mantenere kesehatan mata,0.9807173013687134,1,[0.4908 0.4916 0.0176],1,[0.422  0.4717 0.1063],{'jaga': 'mantenere'},0,1,0.328,,,,,,,,,
jangan lupa minum air mineral 8 -- 10 gelas per hari nya .,1,jangan lupa minum air mineral 8 10 gelas per hari nya,1.0,1,[0.4377 0.4814 0.0809],0,[0.8371 0.1437 0.0191],{'lupa': 'lupa'},0,0,0.342,,,,,,,,,
sekarang lagi musim durian .,1,sekarang lagi musim durian .,1.0,2,[0.0139 0.0588 0.9272],2,[0.0139 0.0588 0.9272],,1,1,0.08,,,,,,,,,
youngle nya setelah berantem sama penggemar kpop .,1,youngle nya setelah berantem sama penggemar kpop,1.0000001192092896,1,[0.0031 0.979  0.0179],1,[0.0063 0.8566 0.1372],{'kpop': 'kpop'},1,1,0.337,,,,,,,,,
belakangan ini sudah terjadi dua kali gempa di lombok .,1,belakangan ini sudah terjadi dua kali gempa di lombok,1.0,1,[0.0285 0.7953 0.1762],1,[0.0385 0.6602 0.3013],{'gempa': 'gempa'},1,1,0.3423,,,,,,,,,
kabar tenggelam nya kami sinar bangun di danau toba sudah tidak pernah terdengar lagi .,1,Avviso tenggelam nya kami sinar bangun di danau toba sudah tidak pernah terdengar lagi,0.9413357973098756,1,[0.0259 0.8299 0.1441],2,[0.0295 0.2513 0.7192],{'kabar': 'Avviso'},2,1,0.3558,,,,,,,,,
jumlah korban tenggelam nya kami sinar bangun itu kurang lebih 160 - an orang .,1,jumlah korban tenggelam nya kami sinar bangun itu kurang lebih 160 an orang,1.0,1,[0.036  0.5977 0.3662],1,[0.0309 0.876  0.0931],{'nya': 'nya'},2,1,0.3559,,,,,,,,,
sudah hampir 350 orang yang meninggal karena gempa di lombok kemarin .,1,sudah hampir 350 orang yang meninggal karena gempa di lombok kemarin,1.0,1,[0.0344 0.5322 0.4334],1,[0.0284 0.7996 0.1721],{'gempa': 'gempa'},1,1,0.3453,,,,,,,,,
tukang bubur naik haji sudah stop produksi .,1,tukang bubur naik haji sudah stop produksi .,1.0,2,[0.0084 0.0888 0.9029],2,[0.0084 0.0888 0.9029],,1,1,0.1,,,,,,,,,
ada satu relawan di lombok yang meninggal dunia .,1,ada satu relawan di lombok yang meninggal dunia,1.0,1,[0.0066 0.9781 0.0153],1,[0.0041 0.9911 0.0048],{'lombok': 'lombok'},1,1,0.332,,,,,,,,,
bikin puisi bisa bikin hati yang tadinya banyak masalah jadi lebih tenang .,0,bikin puisi bisa bikin hati yang tadinya banyak masalah jadi lebih tenang .,1.0,1,[0.1648 0.7921 0.0431],1,[0.1648 0.7921 0.0431],,1,1,0.1,,,,,,,,,
kalau lapar ya baiknya makan .,1,kalau lapar ya baiknya makan .,1.0,0,[0.4238 0.2164 0.3597],0,[0.4238 0.2164 0.3597],,0,0,0.09,,,,,,,,,
kerja dari pagi sampai pagi lagi itu cuma bakal menyiksa diri sendiri . jadi tidak usah berlebihan kalau soal kerjaan .,1,kerja dari pagi sampai pagi lagi itu cuma bakal menyiksa diri sendiri . jadi tidak usah berlebihan kalau soal kerjaan .,1.0,2,[0.0504 0.0084 0.9412],2,[0.0504 0.0084 0.9412],,0,0,0.11,,,,,,,,,
perempuan yang malang itu sekarang sudah tutup usia .,1,perempuan yang malang itu sekarang sudah tutup usia .,1.0,2,[0.0044 0.0072 0.9884],2,[0.0044 0.0072 0.9884],,1,1,0.1,,,,,,,,,
cerita si kancil itu identik dengan kecerdikan seorang kancil menyelesai masalah yang ada di hadapan nya .,1,cerita si kancil itu identik dengan kecerdikan seorang kancil menyelesai masalah yang ada di hadapan nya,1.0,1,[0.0672 0.7377 0.195 ],1,[0.108  0.6515 0.2405],{'kancil': 'kancil'},1,1,0.3469,,,,,,,,,
kalau mau beli obat-obatan datang saja ke kimia farma karena di sana lengkap dan harga terjangkau .,0,kalau mau beli datang saja ke kimia farma karena di sana lengkap dan harga terjangkau,0.9880025386810304,0,[0.9805 0.0138 0.0057],0,[0.9931 0.0043 0.0025],{'terjangkau': 'terjangkau'},0,1,0.3562,,,,,,,,,
buah mangga yang kemarin gue lihat di pohon kayak nya sudah dimakan sama kelelawar .,1,buah mangga yang kemarin gue lihat di pohon kayak nya sudah dimakan sama kelelawar,1.0000001192092896,1,[0.1137 0.4615 0.4248],1,[0.1157 0.4674 0.4168],"{'nya': 'nya', 'mangga': 'mangga'}",1,1,0.3584,,,,,,,,,
semua perempuan suka dikasih bunga atau puisi sama pacar nya .,0,semua perempuan suka dikasih bunga atau puisi sama pacar nya .,1.0,1,[0.2999 0.5724 0.1276],1,[0.2999 0.5724 0.1276],,1,1,0.1,,,,,,,,,
tidur yang cukup tiap hari nya bisa bikin badan segar .,1,tidur yang cukup tiap hari nya bisa bikin badan segar .,1.0,0,[0.9868 0.0069 0.0063],0,[0.9868 0.0069 0.0063],,0,0,0.12,,,,,,,,,
baiknya orang yang dikasih kekuasaan di indonesia itu adalah orang yang paling tahu apa yang dibutuhkan sama rakyat .,1,baiknya orang yang dikasih kekuasaan di indonesia itu adalah orang yang paling tahu apa yang dibutuhkan sama rakyat .,1.0,2,[0.2275 0.0631 0.7094],2,[0.2275 0.0631 0.7094],,0,0,0.1,,,,,,,,,
sandiaga uno salah satu orang terkaya di indonesia .,1,sandiaga uno sbagliato satu orang terkaya di indonesia,0.9452741146087646,1,[0.2789 0.6761 0.0451],2,[0.0599 0.0196 0.9205],{'salah': 'sbagliato'},2,1,0.3383,,,,,,,,,
di bandung banyak tempat yang bisa didatangkan buat wisata sama keluarga yang tempat nya bagus-bagus .,0,di bandung banyak tempat yang bisa didatangkan buat wisata sama keluarga yang tempat nya,0.9946595430374146,0,[0.9967 0.0019 0.0014],0,[0.9305 0.0604 0.0091],{'bandung': 'bandung'},0,0,0.3511,,,,,,,,,
indonesia punya banyak banget suku yang beragam budaya nya dan itu mencerminkan kalau negara kita sangat kaya .,0,indonesia punya banyak banget suku yang beragam budaya nya dan itu riflettere kalau negara kita sangat kaya,0.9956790208816528,0,[0.9891 0.0047 0.0062],0,[0.9787 0.0063 0.015 ],{'mencerminkan': 'riflettere'},0,0,0.3536,,,,,,,,,
kalau jadi pemimpin itu harus bisa adil .,1,kalau jadi pemimpin itu harus bisa adil .,1.0,2,[0.0588 0.1635 0.7778],2,[0.0588 0.1635 0.7778],,0,0,0.09,,,,,,,,,
jadi pemimpin di indonesia itu banyak tantangan nya .,1,jadi pemimpin di indonesia itu banyak tantangan nya .,1.0,2,[0.0621 0.1815 0.7563],2,[0.0621 0.1815 0.7563],,1,1,0.1,,,,,,,,,
salah satu tempat yang banyak didatangkan di bogor itu kebun raya bogor .,1,salah satu tempat yang banyak didatangkan di bogor itu kebun raya bogor,1.0,1,[0.1176 0.864  0.0184],1,[0.1912 0.7919 0.0169],{'bogor': 'bogor'},1,1,0.334,,,,,,,,,
"di sekitar istana bogor , kita bisa kasih makan rusa langsung kalau rusa-rusa nya lagi dikeluarkan .",1,di sekitar istana bogor kita bisa kasih makan rusa langsung kalau nya lagi dikeluarkan,0.9918447732925416,1,[0.4175 0.5452 0.0372],1,[0.1404 0.8444 0.0152],{'nya': 'nya'},1,1,0.3612,,,,,,,,,
kemarin aku setelah nyobain kopi nya warung kopi nako .,1,kemarin aku setelah nyobain kopi nya warung kopi nako,1.0000001192092896,1,[0.0335 0.8888 0.0777],1,[0.0618 0.8963 0.0418],{'kopi': 'kopi'},1,1,0.3437,,,,,,,,,
kata nya tidur yang baik itu minimal enam jam sehari .,1,kata nya tidur yang baik itu minimal enam jam sehari,1.0,1,[0.1304 0.5857 0.2839],1,[0.3017 0.4798 0.2185],{'tidur': 'tidur'},1,0,0.355,,,,,,,,,
indonesia itu ada di benua asia .,1,indonesia itu ada di benua asia,1.0,1,[0.1803 0.7152 0.1045],1,[0.0743 0.8623 0.0633],{'asia': 'asia'},1,1,0.3373,,,,,,,,,
salah satu kegemaran anak remaja indonesia sekarang adalah mendengar kpop .,1,salah satu kegemaran anak remaja indonesia sekarang adalah mendengar kpop,1.0000001192092896,1,[0.2224 0.6604 0.1171],1,[0.2778 0.4551 0.2671],{'kpop': 'kpop'},1,1,0.3464,,,,,,,,,
melihat warna hijau bisa bikin mata jadi lebih santai .,0,melihat warna hijau bisa bikin mata jadi lebih santai,1.0,0,[0.8732 0.107  0.0197],0,[0.9658 0.0274 0.0068],{'bikin': 'bikin'},0,1,0.3313,,,,,,,,,
bondan winarno yang suka bilang maknyus sekarang sudah tiada .,1,bondan winarno yang suka bilang maknyus sekarang sudah tiada .,1.0,2,[0.0346 0.2465 0.7188],2,[0.0346 0.2465 0.7188],,1,1,0.13,,,,,,,,,
