text,sentiment,perturbed_text,perturbed_semantic_sim,pred_label,pred_proba,perturbed_label,perturbed_proba,translated_word(s),adv_pred,adv_pred_on_orig,running_time(s),before_attack_acc,after_attack_acc,avg_semantic_sim,avg_running_time(s),adv_training,delta_acc,delta_adv,acc_adv_training_on_orig,best_epoch
"kemarin gue datang ke tempat makan baru yang ada di dago atas . gue kira makanan nya enak karena harga nya mahal . ternyata , boro-boro . tidak mau lagi deh ke tempat itu . sudah mana tempat nya juga tidak nyaman banget , terlalu sempit .",2,kemarin gue datang ke tempat makan baru yang ada di dago atas gue kira makanan nya enak karena harga nya mahal ternyata tidak mau lagi deh ke tempat itu sudah mana tempat nya juga tidak nyaman très terlalu sempit,0.9956903457641602,2,[9.000e-03 6.000e-04 9.905e-01],2,[5.300e-03 4.000e-04 9.943e-01],"{'nyaman': 'nyaman', 'banget': 'très', 'mahal': 'mahal'}",2,0,1.2949,0.944,0.914,0.9831597011089324,0.6305582,0.932,0.029999999999999916,-0.018000000000000016,0.712,4.0
"kayak nya sih gue tidak akan mau balik lagi ke tempat itu . gila , ya , gue enggak ngerti kenapa tempat nya dibiarkan panas . sudah begitu kotor pula . kalau panas kepanasan , kalau hujan kehujanan . harus nya sih tidak ada restoran yang kayak gitu . tidak tahu deh apa yang mereka jual .",2,kayak nya sih gue tidak akan mau balik lagi ke tempat itu gila ya gue enggak ngerti kenapa tempat nya dibiarkan panas sudah begitu kotor pula kalau panas kepanasan kalau hujan kehujanan harus nya sih tidak ada restoran yang kayak gitu tidak tahu deh apa yang mereka jual,1.0,2,[6.100e-03 4.000e-04 9.936e-01],2,[1.090e-02 4.000e-04 9.888e-01],"{'nya': 'nya', 'kehujanan': 'kehujanan', 'kotor': 'kotor', 'jual': 'jual'}",2,0,0.9148,,,,,,,,,
"kalau dipikir-pikir , sebenarnya tidak ada yang bisa dibanggakan dari jokowi . pertama , dia tidak bisa nepatin janji . kedua , kerjaan nya selalu pencitraan . ketiga , dia tidak pro rakyat . sudahlah . ku sudah terlanjur kecewa .",2,kalau sebenarnya tidak ada yang bisa dibanggakan dari jokowi pertama dia tidak bisa nepatin janji kedua kerjaan nya selalu pencitraan ketiga dia tidak pro rakyat sudahlah ku sudah terlanjur kecewa,0.9936076402664183,2,[1.500e-03 2.000e-04 9.983e-01],2,[1.400e-03 2.000e-04 9.985e-01],"{'kecewa': 'kecewa', 'jokowi': 'jokowi'}",2,2,0.8875,,,,,,,,,
"ini pertama kalinya gua ke bank buat ngurusin pembuatan rekening baru . nama nya juga orang pertama kali ya baru ke bank , gua kena semprot . kelihatan banget pelayanan pelanggan - nya tidak suka gua banyak bertanya . amit-amit . padahal itu kan tugas mereka buat melayangkan gua !",2,ini pertama kalinya je ke bank buat ngurusin pembuatan rekening baru nama nya juga orang pertama kali ya baru ke bank je kena semprot kelihatan banget pelayanan pelanggan nya tidak Comme je banyak bertanya padahal itu kan tugas mereka buat melayangkan je,0.9622493982315063,2,[1.200e-03 7.000e-04 9.982e-01],2,[8.000e-04 1.900e-03 9.973e-01],"{'pelayanan': 'pelayanan', 'orang': 'orang', 'suka': 'Comme', 'gua': 'je'}",2,2,0.89,,,,,,,,,
"waktu sampai dengan gue pernah disuruh ibu latihan karate . kata nya biar gue bisa melawan penjahat kalau ada laki-laki iseng , tapi di hari pertama latihan , kaki gue langsung cedera . jadilah sekarang trauma dan tidak mau sekali-sekali buat latihan karate lagi .",2,waktu sampai dengan gue pernah disuruh ibu latihan karate kata nya biar gue bisa melawan penjahat kalau ada iseng tapi di hari pertama latihan kaki gue langsung cedera jadilah sekarang trauma dan tidak mau buat latihan karate lagi,0.995985209941864,2,[0.0035 0.0013 0.9952],2,[0.0036 0.0012 0.9952],"{'karate': 'karate', 'latihan': 'latihan', 'biar': 'biar'}",2,1,0.7909,,,,,,,,,
pelayanan di hotel salak bogor tidak sebagus yang gue membayangkan . fasilitas nya juga biasa banget padahal kata nya hotel bintang lima . hm . kecewa . kayak nya sih nanti-nanti tidak mau ke sana lagi .,2,pelayanan di hotel salak Bogor tidak sebagus yang gue membayangkan fasilitas nya juga biasa banget padahal kata nya hotel bintang lima hum kecewa kayak nya sih tidak mau ke sana lagi,0.9817023277282716,2,[5.300e-03 4.000e-04 9.943e-01],2,[1.120e-02 5.000e-04 9.883e-01],"{'hm': 'hum', 'kecewa': 'kecewa', 'bogor': 'Bogor'}",2,0,0.7187,,,,,,,,,
ada apa dengan young lex ? kenapa dia harus mengirim hal-hal tidak berfaedah kayak gitu . merusak moral banget sumpah !,2,ada apa dengan young lex kenapa dia harus mengirim tidak berfaedah kayak gitu merusak moral banget sumpah,0.9961702227592468,2,[5.000e-04 3.000e-04 9.992e-01],2,[7.00e-04 3.00e-04 9.99e-01],"{'sumpah': 'sumpah', 'young': 'young'}",2,2,0.6639,,,,,,,,,
"gue pesimis sama manusia , terutama dalam ngurusin sampah . sudah berapa banyak hewan-hewan laut jadi korban gara-gara kita buang sampah ke laut . tidak tega gue liat nya . kadang tidak mengerti juga sebenarnya pemimpin-pemimpin yang ada itu pada mikirin enggak sih urusan penting kayak gini . he .",2,je pesimis sama manusia terutama dalam ngurusin sampah sudah berapa banyak laut jadi korban kita buang sampah ke laut tidak tega je liat nya kadang tidak mengerti juga sebenarnya yang ada itu pada mikirin enggak sih urusan penting kayak gini il,0.9817816615104676,2,[2.400e-03 3.000e-04 9.973e-01],2,[3.600e-03 5.000e-04 9.959e-01],"{'he': 'il', 'pesimis': 'pesimis', 'ngurusin': 'ngurusin', 'gue': 'je'}",2,2,0.8357,,,,,,,,,
saya kecewa karena pengeditan biodata penumpang dilakukan by sistem tanpa konfirmasi dan solusi permasalahan nya pun dianggap sepele karena dibiarkan begitu saja sedang pelayanan pelanggan yang sudah berkali-berkali dihubungi pun hanya seperti mengulur waktu . sampai detik ini belum ada solusi untuk masalah saya yang kesalahan nya sendiri bukan dari pihak saya .,2,saya kecewa karena pengeditan biodata penumpang dilakukan by sistem tanpa konfirmasi dan solusi permasalahan nya pun dianggap sepele karena dibiarkan begitu saja sedang pelayanan client yang sudah dihubungi pun hanya seperti mengulur waktu sampai detik ini belum ada solusi untuk masalah saya yang kesalahan nya sendiri bukan dari pihak saya,0.9919761419296264,2,[1.300e-03 4.000e-04 9.983e-01],2,[1.100e-03 5.000e-04 9.984e-01],"{'kecewa': 'kecewa', 'solusi': 'solusi', 'pelanggan': 'client', 'detik': 'detik'}",2,2,0.913,,,,,,,,,
"saya hari ini melakukan pemesanan dan tiket saya tidak kunjung saya terima . padahal saya sudah menelpon pelayanan pelanggan , sudah mengirimkan email dengan bukti transfer tapi respon nya sangat lambat dan tidak jelas .",2,saya hari ini melakukan pemesanan dan tiket saya tidak kunjung saya terima padahal saya sudah menelpon pelayanan pelanggan sudah mengirimkan email dengan bukti transfer tapi respon nya sangat lambat dan tidak jelas,1.0,2,[0.0026 0.008  0.9894],2,[0.003  0.0154 0.9816],"{'terima': 'terima', 'nya': 'nya'}",2,1,0.7875,,,,,,,,,
"sangat merugikan , saya sudah memesan dan membayar tetapi e - tiket tidak ada juga , padahal bukti pembayaran sudah jelas , sudah menelepon pelayanan pelanggan berkali kali dan tidak ada solusi nya , pulsa sudah habis ratusan ribu , saya meminta kembalikan uang juga sangat lama proses nya , sangat merugikan pengguna , banyak kerugian uang transport , waktu , penginapan dll.",2,sangat merugikan saya sudah memesan dan membayar tetapi e tiket tidak ada juga padahal bukti pembayaran sudah jelas sudah menelepon pelayanan pelanggan berkali kali dan tidak ada solusi nya pulsa sudah habis ratusan ribu saya meminta kembalikan uang juga sangat lama proses nya sangat merugikan pengguna banyak kerugian uang transport waktu penginapan,0.9867546558380128,2,[1.900e-03 6.000e-04 9.975e-01],2,[1.300e-03 5.000e-04 9.982e-01],"{'penginapan': 'penginapan', 'transport': 'transport', 'uang': 'uang', 'proses': 'proses', 'merugikan': 'merugikan'}",2,0,0.9576,,,,,,,,,
saya itu memesan tiket dot com . sudah dibayar email belum ada balasan . bukti pembayaran sudah saya kirim by email . saya masukkan data balasan nya pemesanan kadaluarsa terus . akhirnya saya beli lagi langsung ke loket . saya minta uang kembali masih menunggu 3 - 14 hari . ambil saja uang tiket nya tidak apa-apa . sedih saya download aplikasi ini .,2,saya itu memesan billet dot com sudah dibayar email belum ada balasan bukti pembayaran sudah saya kirim by email saya masukkan data balasan nya pemesanan kadaluarsa terus akhirnya saya beli lagi langsung ke loket saya minta uang kembali masih menunggu 3 14 hari ambil saja uang billet nya tidak sedih saya download aplikasi ini,0.9888159036636353,2,[0.0117 0.0065 0.9818],2,[0.0287 0.0313 0.94  ],"{'download': 'download', 'menunggu': 'menunggu', 'ambil': 'ambil', 'uang': 'uang', 'tiket': 'billet', 'langsung': 'langsung'}",2,1,0.9722,,,,,,,,,
"saya sudah bayar tetapi etiket tidak dikirim malah kadaluwarsa , diminta struk pembayaran saya sudah tidak punya hanya sms banking . tetapi tetap saja tidak digubris dari pelayanan pelanggan - nya . sudah email dan telepon berkali-berkali tetap tidak ada hasil . sangat mengecewakan .",2,saya sudah bayar tetapi etiket tidak dikirim malah kadaluwarsa diminta struk pembayaran saya sudah tidak punya hanya sms banking tetapi tetap saja tidak digubris dari pelayanan client nya sudah email dan telepon tetap tidak ada hasil sangat mengecewakan,0.9846599698066713,2,[1.000e-03 5.000e-04 9.985e-01],2,[9.000e-04 9.000e-04 9.983e-01],"{'mengecewakan': 'mengecewakan', 'hasil': 'hasil', 'pelanggan': 'client'}",2,2,0.8511,,,,,,,,,
"saya mesan tiket tapi tidak dikonformasi dan proses pengembalian uang yang tidak jelas dan belum ada sampai sekarang , pelayanan nya yang sangat buruk dan saran saya jangan pesan di sini , sangat mengecewakan .",2,saya mesan tiket tapi tidak dikonformasi dan proses pengembalian uang yang tidak jelas dan belum ada sampai sekarang pelayanan nya yang sangat buruk dan saran saya jangan pesan di sini sangat mengecewakan,1.0,2,[1.900e-03 3.000e-04 9.978e-01],2,[1.900e-03 5.000e-04 9.976e-01],"{'buruk': 'buruk', 'pelayanan': 'pelayanan'}",2,2,0.7941,,,,,,,,,
"sangat kecewa dengan aplikasi ini , sudah ditransfer tetapi etiket tidak dikirim saya coba telepon call centre seharian tetapi sibuk terus call genre nya , mending pakai traveloka adalah untuk pesanan selanjutnya .",2,sangat kecewa dengan aplikasi ini sudah ditransfer tetapi etiket tidak dikirim saya coba telepon call centre seharian tetapi sibuk terus call genre nya Meilleur pakai traveloka adalah untuk pesanan selanjutnya,0.9833712577819824,2,[9.000e-04 5.000e-04 9.986e-01],2,[9.00e-04 1.10e-03 9.98e-01],"{'kecewa': 'kecewa', 'mending': 'Meilleur', 'seharian': 'seharian'}",2,2,0.7679,,,,,,,,,
melihat komen nya 90 % negatif jadi pikir-pikir buat mencari tiket kereta di sini . mending aplikasi yang lain saja yang sudah terbukti bagus bertahun-bertahun .,2,melihat komen nya 90 negatif jadi buat mencari tiket kereta di sini Meilleur aplikasi yang lain saja yang sudah terbukti bagus,0.9752364158630372,2,[0.0237 0.0012 0.9751],0,[0.5769 0.0542 0.3689],"{'mending': 'Meilleur', 'aplikasi': 'aplikasi'}",2,2,0.7399,,,,,,,,,
aplikasi tukang bohong . promo gratis makan tidak terjadi . komplain ke pelayanan pelanggan dengan email tidak ditanggapi . komplain by phone hanya dicatat saja tidak ada tindak lanjut . sangat tidak direkomendasikan untuk siapa pun .,2,aplikasi tukang mentir promo gratis makan tidak terjadi komplain ke pelayanan pelanggan dengan email tidak ditanggapi komplain by phone hanya dicatat saja tidak ada tindak lanjut sangat tidak direkomendasikan untuk siapa pun,0.9877028465270996,2,[2.600e-03 5.000e-04 9.969e-01],2,[1.600e-03 9.000e-04 9.975e-01],"{'bohong': 'mentir', 'tindak': 'tindak', 'komplain': 'komplain'}",2,2,0.8055,,,,,,,,,
kata nya dapat promo 100 ribu . tapi setelah di bayar di atm - nya ternyata harga normal . sudah saya kirim email tapi tidak ada balasan . mengecewakan .,2,kata nya dapat promo 100 ribu tapi setelah di bayar di atm nya ternyata harga normal sudah saya kirim email tapi tidak ada balasan mengecewakan,1.0,2,[0.001  0.0027 0.9963],2,[0.0016 0.0037 0.9946],"{'mengecewakan': 'mengecewakan', 'balasan': 'balasan'}",2,2,0.7335,,,,,,,,,
"saya sudah bayar untuk hotel tapi etiket tidak terbit , saya sudah kirim email bukti pembayaran nya tapi tetap tidak ada mengikuti naik - nya . sampai hari h mau cek - in ini . sudah menghubungi bolak balik pelayanan pelanggan sama saja ngulang-ngulang informasi dari awal . dijanjikan akan ditelpon tapi tidak dihubungi juga sampai sekarang . saya mau laporkan polisi . menyebalkan .",2,saya sudah bayar untuk hotel tapi etiket tidak terbit saya sudah kirim email bukti pembayaran nya tapi tetap tidak ada mengikuti naik nya sampai hari h mau cek in ini sudah menghubungi bolak balik pelayanan client sama saja informasi dari awal dijanjikan akan ditelpon tapi tidak dihubungi juga sampai sekarang saya mau laporkan polisi menyebalkan,0.9919934272766112,2,[8.000e-04 5.000e-04 9.988e-01],2,[0.0021 0.0043 0.9936],"{'pelayanan': 'pelayanan', 'pelanggan': 'client', 'menyebalkan': 'menyebalkan', 'h': 'h', 'etiket': 'etiket'}",2,0,0.9693,,,,,,,,,
"saya kecewa karena saya sudah transfer dan belum dikonfirmasi saya telepon malah pelanggan sibuk terus , aduh kecewa nih gue .",2,saya kecewa karena saya sudah transfer dan belum dikonfirmasi saya telepon malah pelanggan sibuk terus aduh kecewa nih je,0.9850515127182008,2,[3.000e-04 3.000e-04 9.994e-01],2,[3.000e-04 4.000e-04 9.993e-01],"{'kecewa': 'kecewa', 'gue': 'je'}",2,2,0.6975,,,,,,,,,
saya sudah transfer ratusan ribu dan sesuai nominal transfer . tapi tiket belum muncul juga . harus diwaspadai ini aplikasi ini . bahaya .,2,saya sudah transfer ratusan ribu dan sesuai nominal transfer tapi tiket belum muncul juga harus diwaspadai ini aplikasi ini bahaya,1.0,2,[5.000e-04 3.300e-03 9.961e-01],2,[0.001  0.0109 0.9882],"{'aplikasi': 'aplikasi', 'ratusan': 'ratusan'}",2,1,0.6945,,,,,,,,,
"pelayanan pelanggan tidak respon , komentar disuruh email , email saya tidak ditanggapi , sudah beberapa hari yang lalu , sampai sekarang tidak ada respon . menyusahkan saja .",2,pelayanan pelanggan tidak respon komentar disuruh email email saya tidak ditanggapi sudah beberapa hari yang lalu sampai sekarang tidak ada respon menyusahkan saja,1.0,2,[4.000e-04 9.000e-04 9.987e-01],2,[0.001  0.0033 0.9957],"{'menyusahkan': 'menyusahkan', 'pelayanan': 'pelayanan'}",2,1,0.7364,,,,,,,,,
tolong untuk pelayana nya diperjelas ya . sudah pesan tiket sudah dibayar tetapi dengan alasan bank bermasalah dan tidak ada pertanggungjawaban untuk memulangkan uang saja harus sampai ditelpon lagi . dikirim by email untuk komponen tidak direspon . kecewa .,2,tolong untuk service nya diperjelas ya sudah pesan tiket sudah dibayar tetapi dengan alasan bank bermasalah dan tidak ada pertanggungjawaban untuk memulangkan uang saja harus sampai ditelpon lagi dikirim par email untuk komponen tidak direspon kecewa,0.987359344959259,2,[1.000e-03 8.000e-04 9.981e-01],2,[0.0017 0.0022 0.9961],"{'direspon': 'direspon', 'kecewa': 'kecewa', 'pelayana': 'service', 'by': 'par'}",2,2,0.8638,,,,,,,,,
"luar biasa kecewa sangat dengan aplikasi ini , saya sudah hubungi pusat panggilan untuk cek pemesanan saya karena saya sudah bayar dan tidak muncul e - tiket nya , bahkan saya sudah kirim bukti transaksi nya ke e-mail , hingga saat ini tidak ada pihak pusat panggilan yang menghubungi , kecewa .",2,luar biasa kecewa sangat dengan aplikasi ini saya sudah hubungi centre panggilan untuk cek pemesanan saya karena saya sudah bayar dan tidak muncul e tiket nya bahkan saya sudah kirim bukti transaksi nya ke hingga saat ini tidak ada pihak centre panggilan yang menghubungi kecewa,0.9691630601882936,2,[1.000e-03 5.000e-04 9.985e-01],2,[8.000e-04 6.000e-04 9.986e-01],"{'kecewa': 'kecewa', 'pusat': 'centre', 'panggilan': 'panggilan'}",2,2,0.8855,,,,,,,,,
"sangat mengecewakan , saya pesan tiket dan sudah saya bayar , padahal waktu itu belum kadaluarsa pas saya transfer , tapi sampai sekarang belum dikasih kode bokong nya , malah dikasih notifikasi sudah kadaluarsa , lalu uang nya lari nya ke mana , pas saya hubungi lewat email hanya ditanggapi sekali saja .",2,sangat mengecewakan saya pesan tiket dan sudah saya bayar padahal waktu itu belum kadaluarsa pas saya transfer tapi sampai sekarang belum dikasih kode bokong nya malah dikasih notifikasi sudah kadaluarsa lalu uang nya lari nya ke mana pas saya hubungi lewat email hanya ditanggapi sekali saja,1.0000001192092896,2,[8.000e-04 5.000e-04 9.987e-01],2,[7.000e-04 6.000e-04 9.987e-01],"{'mengecewakan': 'mengecewakan', 'ditanggapi': 'ditanggapi', 'kode': 'kode', 'hubungi': 'hubungi'}",2,1,0.8953,,,,,,,,,
tolong jangan order tiket pakai aplikasi ini kalau tidak mau kecewa . benci banget . sudah transfer etiket tidak dikirim-kirim malah pesanan dibatalkan . telpon pelayanan pelanggan juga tidak diangkat . di-email tidak dibalas .,2,tolong jangan order tiket pakai aplikasi ini kalau tidak mau kecewa détecteur très sudah transfer etiket tidak malah pesanan dibatalkan telpon pelayanan pelanggan juga tidak diangkat tidak dibalas,0.9747212529182434,2,[7.00e-04 4.00e-04 9.99e-01],2,[5.000e-04 1.200e-03 9.982e-01],"{'banget': 'très', 'benci': 'détecteur', 'etiket': 'etiket'}",2,2,0.7657,,,,,,,,,
saya pesan tiket pesawat dan sudah melakukan pembayaran sesuai instruksi namun sudah lebih dari 4 jam belum ada terbit e - tiket malahan status pesanan saya malah jadi pemesanan kadaluarsa . komplain sudah saya lakukan melalui email dan telpon pelayanan pelanggan sampai sekarang belum ada penyelesaian yang berarti . ini sangat merugikan .,2,saya pesan tiket pesawat dan sudah melakukan pembayaran sesuai instruksi namun sudah lebih dari 4 jam belum ada terbit e tiket malahan status pesanan saya malah jadi pemesanan kadaluarsa komplain sudah saya lakukan melalui email dan telpon pelayanan pelanggan sampai sekarang belum ada penyelesaian yang berarti ini sangat merugikan,1.0,2,[0.0017 0.0014 0.9969],2,[0.0013 0.0021 0.9966],"{'merugikan': 'merugikan', 'komplain': 'komplain', 'penyelesaian': 'penyelesaian', 'kadaluarsa': 'kadaluarsa'}",2,2,0.9225,,,,,,,,,
"saya pesan ticket sampai sekarang tidak ada konformasi nya . uang sudah ditransfer , kalau seperti itu kembalikan uang nya , tai sekali , telepon pusat panggilan habis pulsa hampir 200 . tidak ada . kembalikan uang saya . jangan pernah kalian pesan tiket di sini . menyesal",2,saya pesan ticket sampai sekarang tidak ada konformasi nya uang sudah ditransfer kalau seperti itu revenir uang nya tai sekali telepon pusat panggilan habis pulsa hampir 200 tidak ada revenir uang saya jangan pernah kalian pesan tiket di sini menyesal,0.977264165878296,2,[8.000e-04 4.000e-04 9.988e-01],2,[8.000e-04 4.000e-04 9.988e-01],"{'menyesal': 'menyesal', 'uang': 'uang', 'tai': 'tai', 'kembalikan': 'revenir'}",2,2,0.8634,,,,,,,,,
pembayaran sudah dilakukan tetapi e - tiket tidak dikirim-dikirim malah dipesan diblang kadaluarsa . titip cs nya berkali-berkali jwaban nya tidak ada yang membantu dan tidak sinkron semua . sampai sekarang belum jelas pengembalian uang ataupun penggantian tiket . disarankan tidak usah memakai aplikasi ini .,2,pembayaran sudah dilakukan tetapi e tiket tidak malah dipesan diblang kadaluarsa titip cs nya jwaban nya tidak ada yang membantu dan tidak sinkron semua sampai sekarang belum jelas pengembalian uang ataupun penggantian tiket disarankan tidak usah memakai aplikasi ini,0.9928601384162904,2,[1.400e-03 7.000e-04 9.979e-01],2,[0.0011 0.0014 0.9975],"{'membantu': 'membantu', 'pengembalian': 'pengembalian', 'uang': 'uang', 'aplikasi': 'aplikasi'}",2,2,0.8775,,,,,,,,,
"sangat mengecewakan ! di mana kalau pesan tiket sudah dibayar sudah dikasih bukti transfer itu langsung dikasih nomor e - tiket nya . ini kok tidak ada konfirmasi apa , sudah mendekati hari h tiba pesanan kadaluarsa . pelayanan sangat buruk ! pelayanan pelanggan - nya juga tidak sopan . segera kembalikan uang pengembalian dana tiket saya !",2,sangat mengecewakan di mana kalau pesan tiket sudah dibayar sudah dikasih bukti transfer itu langsung dikasih nomor e tiket nya ini kok tidak ada confirmation apa sudah mendekati hari h tiba pesanan kadaluarsa pelayanan sangat buruk pelayanan client nya juga tidak sopan segera kembalikan uang pengembalian dana tiket saya,0.9801859259605408,2,[1.200e-03 3.000e-04 9.985e-01],2,[8.000e-04 3.000e-04 9.988e-01],"{'pelayanan': 'pelayanan', 'mengecewakan': 'mengecewakan', 'pelanggan': 'client', 'pesanan': 'pesanan', 'konfirmasi': 'confirmation'}",2,2,1.2219,,,,,,,,,
"saya sudah komplain dengan berbagai cara tapi sangat tidak mengenakkan , selain lama respon tetapi juga tidak ditanggapi . saya sudah transfer uang dan sudah saya kirim tanda bukti nya tapi sampai saat ini tidak ada kejelasan sama sekali . saya merasa tertipu .",2,saya sudah komplain dengan berbagai cara tapi sangat tidak mengenakkan selain lama respon tetapi juga tidak ditanggapi saya sudah transfer uang dan sudah saya kirim tanda bukti nya tapi sampai saat ini tidak ada kejelasan sama sekali saya merasa tertipu,1.0000001192092896,2,[1.100e-03 5.000e-04 9.984e-01],2,[9.000e-04 6.000e-04 9.986e-01],"{'tertipu': 'tertipu', 'kejelasan': 'kejelasan'}",2,2,0.9941,,,,,,,,,
"saya hilang 2.5 juta dari apa ini karena , terjadi eror saat melanjutkan pembayaran yang terpending menyebabkan isi-isi data penumpang dan terjadi kesalahan flight . kecewa sekali dengan fasilitas yang ada .",2,saya hilang juta dari apa ini karena terjadi eror saat melanjutkan pembayaran yang terpending menyebabkan data passagère dan terjadi kesalahan flight kecewa sekali dengan fasilitas yang ada,0.9856276512145996,2,[1.40e-03 5.00e-04 9.98e-01],2,[1.600e-03 7.000e-04 9.977e-01],"{'kecewa': 'kecewa', 'penumpang': 'passagère'}",2,2,0.8497,,,,,,,,,
"sudah melakukan pembayaran tetapi tiket ada , bukti transfer sudah dilampirkan ke email dengan alasan uang belum diterima , ini niat jualan apa mau mengambil uang orang ? tidak lagi-lagi beli tiket di tiket.com , sumpah asli tipu dan produk sampah",2,sudah melakukan pembayaran tetapi tiket ada bukti transfer sudah dilampirkan ke email dengan raison uang belum diterima ini niat jualan apa mau mengambil uang orang tidak beli tiket di sumpah asli tipu dan produk déchets,0.98147851228714,2,[7.000e-04 1.000e-03 9.982e-01],2,[8.000e-04 2.000e-03 9.972e-01],"{'sampah': 'déchets', 'sumpah': 'sumpah', 'alasan': 'raison', 'uang': 'uang'}",2,2,0.7905,,,,,,,,,
saya baru saja mengalami pesan tiket lewat ini aplikasi penipu . sudah transfer uang . tapi belum ada balasan . dan tidak ada respon . jangan pernah pakai aplikasi tak nii .,2,saya baru saja mengalami pesan tiket lewat ini aplikasi penipu sudah transfer uang tapi belum ada balasan dan tidak ada respon jangan pernah pakai aplikasi tak nii,1.0,2,[6.000e-04 3.000e-03 9.965e-01],2,[5.000e-04 4.200e-03 9.953e-01],"{'penipu': 'penipu', 'aplikasi': 'aplikasi'}",2,1,0.8633,,,,,,,,,
biasanya pesan tiket pesawat lancar-lancar saja . terakhir beli tiket kereta eksekutif untuk 6 orang sudah ditransfer sebelum waktu berakhir tetapi cek order pemesanan kadaluarsa . menyebalkan !,2,biasanya pesan tiket pesawat saja terakhir beli tiket kereta eksekutif untuk 6 orang sudah ditransfer sebelum waktu berakhir tetapi cek ordre pemesanan kadaluarsa menyebalkan,0.9783266186714172,2,[1.900e-03 7.000e-04 9.974e-01],2,[0.0024 0.013  0.9846],"{'menyebalkan': 'menyebalkan', 'kadaluarsa': 'kadaluarsa', 'order': 'ordre'}",2,2,0.7492,,,,,,,,,
"proses pengembalian dana lama . sudah dibayar tapi kode pesan tidak dapat . pelayanan kurang , telepon ke pelayanan pelanggan pakai pulsa yang banyak . tidak mau pesan lagi di sini",2,proses pengembalian dana lama sudah payé tapi kode pesan tidak dapat pelayanan kurang telepon ke pelayanan pelanggan pakai pulsa yang banyak tidak mau pesan lagi di sini,0.9904502630233764,2,[9.000e-04 4.000e-04 9.987e-01],2,[5.000e-04 7.000e-04 9.988e-01],"{'dibayar': 'payé', 'telepon': 'telepon'}",2,2,0.766,,,,,,,,,
"e - tiket belum diterima padahal uang nya sudah ditransfer . pas mau konfirmasi ke pelayanan pelanggan tidak pernah direspons , e-mail juga tidak dijawab . mantap ! bikin kecewa saja bisa nya !",2,e billet belum diterima padahal uang nya sudah ditransfer pas mau konfirmasi ke pelayanan pelanggan tidak pernah direspons juga tidak dijawab mantap bikin kecewa saja bisa nya,0.9730442762374878,2,[8.000e-04 4.000e-04 9.988e-01],2,[5.000e-04 6.000e-04 9.988e-01],"{'tiket': 'billet', 'kecewa': 'kecewa', 'e': 'e'}",2,2,0.8087,,,,,,,,,
saya sudah berhasil transaksi sesuai nominal tagihan . dan sampai saat ini belum dapat etiket . ini pelayanan yang sangat buruk dan menjengkelkan . sudah email beberapa kali tapi tidak ada respon . pelayanan pelanggan nya yang super duper lemah otak . kalau kode pesan tidak juga dikirim . pokokanyak duit saya harus kembali .,2,saya sudah berhasil transaksi sesuai nominal tagihan dan sampai saat ini belum dapat etiket ini pelayanan yang sangat buruk dan menjengkelkan sudah email beberapa kali tapi tidak ada respon pelayanan pelanggan nya yang super duper lemah otak kalau kode pesan tidak juga dikirim pokokanyak duit saya harus kembali,1.0000001192092896,2,[1.100e-03 3.000e-04 9.987e-01],2,[7.00e-04 3.00e-04 9.99e-01],"{'buruk': 'buruk', 'dikirim': 'dikirim', 'sesuai': 'sesuai', 'etiket': 'etiket'}",2,2,0.9522,,,,,,,,,
"tidak bisa menggunakan kode promo di aplikasi android , telpon ke pelayanan pelanggan bilang nya tidak ada solusi nya . oke uninstall dan tidak rekomendasi !",2,tidak bisa menggunakan kode promo di aplikasi android telpon ke pelayanan pelanggan bilang nya tidak ada solusi nya oke uninstall dan tidak rekomendasi,1.0000001192092896,2,[7.000e-04 5.000e-03 9.943e-01],2,[9.000e-04 9.800e-03 9.893e-01],"{'rekomendasi': 'rekomendasi', 'solusi': 'solusi'}",2,2,0.6922,,,,,,,,,
"menyesal pesan tiket pesawat di tiket.com sudah di transfer dibilang transaksi kedaluarsa , pulsa habis banyak untuk telpon pelayanan pelanggan .",2,menyesal pesan tiket pesawat di sudah di transfer dibilang transaksi kedaluarsa pulsa habis banyak untuk telpon pelayanan pelanggan,0.9842041730880736,2,[5.000e-04 8.000e-04 9.988e-01],2,[3.000e-04 6.000e-04 9.991e-01],"{'menyesal': 'menyesal', 'pelayanan': 'pelayanan'}",2,2,0.6959,,,,,,,,,
"di saat saya salah pembelian , pengembalian uang cuma 50 %, itu tidak masalah abang saya . tetapi sudah 2 bulan belum ada juga pengembalian nya , tiket.com tidak bisa dipercaya .",2,di saat saya salah pembelian pengembalian uang cuma 50 itu tidak masalah abang saya tetapi sudah 2 bulan belum ada juga pengembalian nya tidak bisa dipercaya,0.9970444440841676,2,[0.0023 0.002  0.9957],2,[1.100e-03 8.000e-04 9.981e-01],"{'dipercaya': 'dipercaya', 'nya': 'nya'}",2,1,0.7277,,,,,,,,,
sangat kecewa dengan pelayanan nya saya sudah transfer tapi sampai sekarang belum ada konfirmasi padahal sudah kirim bukti transfer dan sudah telpon ke cs nya .,2,sangat kecewa dengan pelayanan nya saya sudah transfer tapi sampai sekarang belum ada konfirmasi padahal sudah kirim bukti transfer dan sudah telpon ke cs nya,1.0,2,[0.001  0.0014 0.9977],2,[0.0014 0.0016 0.997 ],"{'kecewa': 'kecewa', 'nya': 'nya'}",2,2,0.7298,,,,,,,,,
saya kecewa sama aplikasi ini padahal cek - in-nya jam 19.30 . malahan saya ketinggal pesawat . kembalikan uang saya .,2,saya kecewa sama aplikasi ini padahal cek jam malahan saya ketinggal pesawat kembalikan uang saya,0.9396709203720092,2,[5.000e-04 8.000e-04 9.987e-01],2,[4.00e-04 6.00e-04 9.99e-01],{'kecewa': 'kecewa'},2,2,0.6669,,,,,,,,,
tiket kadaluarsa padahal sudah bayar . kacau . mengganggu waktu dan rencana saya . sistem nya tidak bagus . pelayanan pelanggan - nya tidak professional . kalau tidak mau kerja suruh jangan kerja .,2,tiket kadaluarsa padahal sudah bayar chaotique mengganggu waktu dan rencana saya sistem nya tidak bagus pelayanan pelanggan nya tidak professional kalau tidak mau kerja suruh jangan kerja,0.9936361312866212,2,[2.100e-03 5.000e-04 9.974e-01],2,[1.000e-03 2.000e-04 9.987e-01],"{'kacau': 'chaotique', 'bayar': 'bayar', 'suruh': 'suruh'}",2,2,0.713,,,,,,,,,
maaf ya saya uninstall . saya kecewa karena sudah melakukan pembayaran tetapi tidak dikonfirmasi . saya sudah komplain via email tetapi respon nya sangat lambat .,2,maaf ya saya désinstaller saya kecewa karena sudah melakukan pembayaran tetapi tidak dikonfirmasi saya sudah komplain via email tetapi respon nya sangat lambat,0.9905474185943604,2,[0.0022 0.0027 0.9951],2,[0.0015 0.0043 0.9942],"{'kecewa': 'kecewa', 'uninstall': 'désinstaller'}",2,1,0.7552,,,,,,,,,
serem melihat pengalaman yang sudah pesan di sini . mending uninstal saja . aplikasi abal-abal ini . mending pakai burung biru saja . jelas ...... !!,2,serem melihat pengalaman yang sudah pesan di sini Meilleur uninstal saja aplikasi ini Meilleur pakai burung biru saja jelas,0.8901003003120422,2,[4.000e-04 3.000e-04 9.993e-01],2,[0.004 0.005 0.991],"{'serem': 'serem', 'mending': 'Meilleur'}",2,2,0.6813,,,,,,,,,
minta dikembalikan karena permasalahan bencana alam tapi tidak ada respon baik dari pelanggan nya . sangat mengecewakan .,2,minta dikembalikan karena permasalahan bencana alam tapi tidak ada respon baik dari pelanggan nya sangat mengecewakan,1.0,2,[5.000e-04 4.000e-04 9.991e-01],2,[5.000e-04 4.000e-04 9.991e-01],{'mengecewakan': 'mengecewakan'},2,2,0.6953,,,,,,,,,
aplikasi tipu . sialan . mengembalikan duit gua . gua minta prtnggungjawaban susah sekali sialan . menyebalkan .,2,aplikasi tipu sialan mengembalikan duit gua gua minta prtnggungjawaban susah sekali sialan menyebalkan,1.0,2,[6.00e-04 4.00e-04 9.99e-01],2,[4.000e-04 3.000e-04 9.993e-01],"{'menyebalkan': 'menyebalkan', 'sialan': 'sialan'}",2,2,0.69,,,,,,,,,
"saya kemarin batalkan tiket pesawat karena salah ordrer , kami sudah minta dikembalikan dan dapat balasan baru diproses . tapi kenapa proses lama tidak seperti traveloka saat itu langsung dikembalikan , pelayanan pelanggan pun telepon nya tarif mahal . ini sudah lebih tiga hari setelah saya baca ternyata banyak pelanggan yang dibuat kecewa .",2,saya kemarin batalkan tiket pesawat karena salah ordrer kami sudah minta dikembalikan dan dapat balasan baru diproses tapi kenapa proses lama tidak seperti traveloka saat itu langsung dikembalikan pelayanan pelanggan pun telepon nya tarif mahal ini sudah lebih tiga hari setelah saya baca ternyata banyak pelanggan yang dibuat kecewa,1.0000001192092896,2,[1.200e-03 7.000e-04 9.981e-01],2,[9.000e-04 7.000e-04 9.984e-01],"{'kecewa': 'kecewa', 'mahal': 'mahal', 'baca': 'baca', 'telepon': 'telepon'}",2,2,0.9251,,,,,,,,,
tolong ya dana pengembalian dana saya ini sudah berbulan bulan saya email berkali kali tidak dibalas masalah nya ini bukan ratusan ribu atau satu dua jutaan ! sama sekali tidak bertanggung jawab dan sangat mengecewakan,2,tolong ya dana pengembalian dana saya ini sudah berbulan bulan saya email berkali kali tidak dibalas masalah nya ini bukan ratusan ribu atau satu dua jutaan sama sekali tidak bertanggung jawab dan sangat mengecewakan,1.0,2,[7.000e-04 6.000e-04 9.987e-01],2,[7.000e-04 5.000e-04 9.988e-01],"{'mengecewakan': 'mengecewakan', 'bertanggung': 'bertanggung', 'nya': 'nya'}",2,2,0.7602,,,,,,,,,
saya melakukan pemesanan dan sudah transfer tapi etiket belum juga masuk . dana saya juga belum ditransfer . bahkan layanan live obrolan - nya tidak ada . menyebalkan .,2,saya melakukan pemesanan dan sudah transfer tapi etiket belum juga masuk dana saya juga belum ditransfer bahkan layanan live scooter nya tidak ada menyebalkan,0.9705734252929688,2,[0.002  0.0022 0.9958],2,[0.0058 0.0648 0.9295],"{'layanan': 'layanan', 'obrolan': 'scooter'}",2,2,0.724,,,,,,,,,
"sebelumnya saya senang sekali menggunakan aplikasi ini , tetapi sekarang agak kecewa kenapa diminta update dan karena belum diupdate aplikasi tidak dapat dijalankan . pertanyaan saya update terbaru ini kenapa minta izin akses ke kontak dan telpon ? ini membuat konsumen tidak nyaman .",2,sebelumnya saya senang sekali menggunakan aplikasi ini tetapi sekarang agak kecewa kenapa diminta update dan karena belum diupdate aplikasi tidak dapat dijalankan pertanyaan saya update terbaru ini kenapa minta izin akses ke kontak dan telpon ini membuat consommateur tidak nyaman,0.9926142692565918,2,[2.200e-03 9.000e-04 9.969e-01],2,[0.0059 0.0041 0.99  ],"{'konsumen': 'consommateur', 'kecewa': 'kecewa', 'update': 'update'}",2,2,0.8195,,,,,,,,,
"sudah hampir 3 bulan ini , pengembalian dana dana tidak balik , 2 kali dapat notifikasi email berisi pengembalian dana dana sudah dikembalikan , tapi kenyataan tidak ada dana yang masuk ke rekening saya . dua kali juga suruh upload mutasi rekening , telpon pelayanan pelanggan cuma bilang mengikuti naik saja sampai sekarang dana tidak balik .",2,sudah hampir 3 bulan ini pengembalian dana dana tidak balik 2 kali dapat notifikasi email berisi pengembalian dana dana sudah dikembalikan tapi kenyataan tidak ada dana yang masuk ke compte saya dua kali juga suruh upload mutasi compte telpon pelayanan client cuma bilang mengikuti naik saja sampai sekarang dana tidak balik,0.9853204488754272,2,[0.0012 0.0038 0.995 ],2,[0.0024 0.0127 0.9848],"{'dana': 'dana', 'pelanggan': 'client', 'mengikuti': 'mengikuti', 'suruh': 'suruh', 'rekening': 'compte'}",2,1,0.9175,,,,,,,,,
"sangat jelek pelayanan nya , saya transfer kelebihan 1000 saja tidak dikasih tiket pesan . dan proses pengembalian dana nya lama banget sedangkan saya harus beli tiket baru lagi karena orang tua saya sakit , tapi tidak ada kebijakan nya malah disuruh tunggu 3 hari , jelek sekali !",2,sangat jelek pelayanan nya saya transfer kelebihan 1000 saja tidak dikasih tiket pesan dan proses pengembalian dana nya lama très sedangkan saya harus beli tiket baru lagi karena orang tua saya sakit tapi tidak ada politique nya malah disuruh tunggu 3 hari jelek sekali,0.9848493933677672,2,[1.200e-03 3.000e-04 9.985e-01],2,[1.100e-03 3.000e-04 9.986e-01],"{'kebijakan': 'politique', 'banget': 'très', 'jelek': 'jelek', 'beli': 'beli'}",2,2,0.861,,,,,,,,,
"terminal nya tidak ditulis tahu dari mana , saya kontak tidak ada balasan , mending aplikasi sebelah lebih oke , baru sekali coba sudah kayak gini kesan nya . tidak asik .",2,terminal nya tidak ditulis tahu dari mana saya kontak tidak ada balasan Meilleur aplikasi sebelah lebih oke baru sekali coba sudah kayak gini kesan nya tidak asik,0.9871934652328492,2,[1.400e-03 3.000e-04 9.983e-01],2,[1.50e-03 5.00e-04 9.98e-01],"{'asik': 'asik', 'gini': 'gini', 'mending': 'Meilleur'}",2,0,0.7261,,,,,,,,,
"kami meyewa 2 kamar sangat kecewa dengan fasilitas yang didapat , mulai dari ac yang tidak berfungsi dengan baik , alat cukur di 2 kamar yang tidak layak pakai sampai dapat apel yang busuk di evening coctail .",2,kami meyewa 2 chambres sangat kecewa dengan fasilitas yang didapat mulai dari ac yang tidak berfungsi dengan baik alat cukur di 2 chambres yang tidak layak pakai sampai dapat apel yang busuk di evening coctail,0.9509871006011964,2,[2.700e-03 6.000e-04 9.966e-01],2,[0.0047 0.0011 0.9941],"{'kecewa': 'kecewa', 'kamar': 'chambres', 'coctail': 'coctail'}",2,2,0.7847,,,,,,,,,
"gue merasa dirugikan banget sih ini . harga miyako dispenser yang dp 200 kualitas nya sama kayak profesional meja dispenser sanex 2102 . ini tidak tahu gue saja yang mengalahkan atau bagaimana . tapi yang pasti , cold sama hot nya tidak berfungsi .",2,je merasa dirugikan banget sih ini harga miyako dispenser yang dp 200 kualitas nya sama kayak profesional meja dispenser sanex 2102 ini tidak tahu je saja yang mengalahkan atau bagaimana tapi yang pasti cold sama hot nya tidak berfungsi,0.9902538061141968,2,[1.800e-03 6.000e-04 9.976e-01],2,[1.300e-03 5.000e-04 9.982e-01],"{'berfungsi': 'berfungsi', 'dirugikan': 'dirugikan', 'gue': 'je', 'meja': 'meja'}",2,2,0.798,,,,,,,,,
bicara kemiskinan tetapi hidup dengan kemewahan . bicara kesenjangan tetapi harta triliunan . bicara cinta nkri tetapi ngemplang pajak . bicara kelaparan tetapi tidak bisa tahan lapar . aneh .,2,bicara kemiskinan tetapi hidup dengan kemewahan bicara kesenjangan tetapi harta triliunan bicara cinta nkri tetapi ngemplang pajak bicara affamée tetapi tidak bisa tahan lapar aneh,0.9896841049194336,2,[9.000e-04 4.000e-04 9.987e-01],2,[1.50e-03 5.00e-04 9.98e-01],"{'aneh': 'aneh', 'bicara': 'bicara', 'kelaparan': 'affamée'}",2,2,0.7232,,,,,,,,,
bicara kedamaian tetapi suka bikin gaduh . bicara lawan isu bohong tetapi suka bicara ngawur . yang kayak begini tidak pantas dipercaya jadi pemimpin .,2,bicara kedamaian tetapi suka bikin gaduh bicara lawan isu bohong tetapi suka bicara ngawur yang kayak begini tidak pantas dipercaya jadi chef,0.9757679104804992,2,[1.000e-03 5.000e-04 9.985e-01],2,[1.100e-03 5.000e-04 9.984e-01],"{'kayak': 'kayak', 'pemimpin': 'chef', 'bicara': 'bicara'}",2,2,0.6865,,,,,,,,,
buat kamu yang ke wattpad hanya buat mereport author yang bikin ff bxb . mending cari kerjaan yang lebih berfaedah daripada menganjurkan karya orang . membayangkan semua ide yang dibikin capek-capek hilang gara-gara orang yang gemar mereport karya orang lain . kalau gasuka bab ya enggak usah lihat .,2,buat kamu yang ke wattpad hanya buat mereport author yang bikin ff bxb mending cari voyageur yang lebih berfaedah daripada menganjurkan création orang membayangkan semua ide yang dibikin hilang orang yang gemar mereport création orang lain kalau gasuka bab ya enggak usah voir,0.96690434217453,2,[0.0051 0.001  0.9939],2,[0.0203 0.0098 0.9699],"{'lihat': 'voir', 'hilang': 'hilang', 'karya': 'création', 'kerjaan': 'voyageur', 'orang': 'orang'}",2,2,0.9198,,,,,,,,,
"betul . era sebelum perbedaan politik suatu hal yang biasa . media sosial damai . sejak jokowi nyapres , pendukung-pendukung nya suka cari ribut ke yang berbeda . contoh , di pilgub dki kami ikut ulama , dibilang radikal intoleran . jangan bawa-bawa agama dan ulama . sekarang ya dengan jadi cawapres , yang tidak pilih dibilang anti ulama . hadeuh . pusing .",2,betul era sebelum perbedaan politik suatu hal yang biasa media sosial damai sejak jokowi nyapres nya Comme cari ribut ke yang berbeda contoh di pilgub dki kami ikut ulama dibilang radikal intoleran jangan agama dan ulama sekarang ya dengan jadi cawapres yang tidak pilih dibilang anti ulama hadeuh vertigineux,0.987152636051178,2,[1.600e-03 6.000e-04 9.978e-01],2,[0.003  0.0025 0.9945],"{'hadeuh': 'hadeuh', 'pusing': 'vertigineux', 'nya': 'nya', 'cari': 'cari', 'suka': 'Comme', 'nyapres': 'nyapres'}",2,1,0.8953,,,,,,,,,
suka kesal dengan kpopers yang mukulin pangsek sumpah saya kesal banget sama kalian saya dukung yanglek karena dia satu satu nya rapper yang muka nya seperti lipatan kulit badak . kenapa kalian tidak mengajak saya dan tidak dimatikan sekalian atau direndam pakai rinso biar bening . gue kan benci banget sama dia .,2,suka ennuyé dengan kpopers yang mukulin la sumpah saya ennuyé banget sama kalian saya dukung yanglek karena dia satu satu nya rapper yang avance nya seperti lipatan kulit badak kenapa kalian tidak mengajak saya dan tidak dimatikan sekalian atau direndam pakai rinso biar bening gue kan détecteur banget sama dia,0.9885237216949464,2,[1.70e-03 3.00e-04 9.98e-01],2,[0.4789 0.0021 0.519 ],"{'benci': 'détecteur', 'kesal': 'ennuyé', 'kpopers': 'kpopers', 'pangsek': 'la', 'muka': 'avance'}",2,2,0.9042,,,,,,,,,
"entah kenapa saya tidak suka melihat cara politisi mengemis suara dengan mengorbankan kemuliaan ulama . kalau alim yang punya track record di partai sih tidak masalah , ini kiai dengan ruf , sudah setua itu , harus lagi menerima caci maki dan tekanan . terlalu kejam saya rasa . kejam banget malah .",2,entah kenapa saya tidak Comme melihat cara politisi mengemis suara dengan mengorbankan kemuliaan ulama kalau alim yang punya track record di partai sih tidak masalah ini kiai dengan ruf sudah setua itu harus lagi menerima caci maki dan tekanan terlalu kejam saya rasa kejam banget malah,0.9941814541816713,2,[3.000e-03 3.000e-04 9.968e-01],2,[7.900e-03 5.000e-04 9.916e-01],"{'suka': 'Comme', 'alim': 'alim', 'setua': 'setua', 'kiai': 'kiai'}",2,0,0.8701,,,,,,,,,
"gua enggak suka cara pelatih timnas u16 yang melarang pemain nya diwawancara sama teman-teman media . di luar sana , justru pemain muda diajari public speaking baik di depan media maupun di depan rakyat . harus nya pelatih atau manager cukup membatasi apa yang tidak boleh dishare ke media .",2,je enggak Comme cara pelatih timnas u16 yang melarang pemain nya diwawancara sama media di luar sana justru pemain muda diajari public speaking baik di depan media maupun di depan rakyat harus nya pelatih atau manager cukup membatasi apa yang tidak boleh dishare ke media,0.9843303561210632,2,[0.0043 0.002  0.9937],2,[0.0417 0.062  0.8963],"{'suka': 'Comme', 'nya': 'nya', 'dishare': 'dishare', 'gua': 'je'}",2,0,0.8736,,,,,,,,,
"takdir politik ahy belum bisa ikut kontestasi pilpres 2019 - 2024 . walaupun ahy legowo , kami tetap kecewa .",2,takdir politik ahy belum bisa ikut kontestasi pilpres 2019 2024 walaupun ahy legowo kami tetap kecewa,1.0,2,[6.000e-04 5.900e-03 9.935e-01],2,[6.000e-04 5.900e-03 9.935e-01],{'legowo': 'legowo'},2,2,0.6463,,,,,,,,,
"yang mengira politik itu cuma soal dukung partai , tokoh atau kepentingan nya saja , pasti kemarin dan hari ini kecewa ketika ekspektasi nya tidak terpenuhi . politik itu sarana mewujudkan amanat pembukaan uud 1945 untuk bangsa ini . tokoh partai itu cuma alat saja .",2,yang mengira politik itu cuma soal dukung partai chiffres atau kepentingan nya saja pasti kemarin dan hari ini kecewa ketika ekspektasi nya tidak terpenuhi politik itu sarana mewujudkan amanat pembukaan uud 1945 untuk bangsa ini chiffres partai itu cuma alat saja,0.9784409403800964,2,[0.0045 0.0038 0.9916],2,[0.0064 0.0167 0.9769],"{'tokoh': 'chiffres', 'kecewa': 'kecewa', 'dukung': 'dukung', 'partai': 'partai'}",2,1,0.805,,,,,,,,,
saya kecewa sama waktu beliau berhentikan sebagai mendikbud . setelah saya tahu bagaimana kinerja nya baru paham mengapa dia diberhentikan . sekarang pun begitu . keputusan yang diambil jokowi pasti beralasan termasuk pemilihan wapres .,2,saya kecewa sama waktu beliau berhentikan sebagai mendikbud setelah saya tahu bagaimana kinerja nya baru paham mengapa dia diberhentikan sekarang pun begitu keputusan yang diambil jokowi pasti beralasan termasuk pemilihan wapres,1.0,2,[1.400e-03 4.000e-04 9.981e-01],2,[0.0022 0.0011 0.9968],"{'wapres': 'wapres', 'pemilihan': 'pemilihan'}",2,2,0.7356,,,,,,,,,
"udahlah kecewa jakarta dapet nya anies - sandi , terus gue harus kecewa dua kali dengan dapat prabowo - sandi lagi ? ogah amat .",2,udahlah kecewa jakarta dapet nya anies sandi terus gue harus kecewa dua kali dengan dapat prabowo sandi lagi ogah amat,1.0000001192092896,2,[5.000e-04 3.000e-04 9.992e-01],2,[5.000e-04 2.000e-04 9.992e-01],"{'ogah': 'ogah', 'nya': 'nya'}",2,2,0.6752,,,,,,,,,
"kecewa berat kepada pihak stasiun tv yang mengacak siaran nya karena rakyat jelata seperti kami tidak bisa melihat timnas u23 bermain . percuma kita tuan rumah kalau rakyat indonesia sendiri tidak bisa melihat di tv , salam buat pihak yang terkait semoga kalian semua puas .",2,kecewa berat kepada pihak stasiun tv yang mengacak siaran nya karena rakyat jelata seperti kami tidak bisa melihat timnas u23 bermain percuma kita tuan rumah kalau rakyat indonesia sendiri tidak bisa melihat di tv salam buat pihak yang terkait semoga kalian semua puas,1.0,2,[1.300e-03 3.000e-04 9.984e-01],2,[1.700e-03 4.000e-04 9.979e-01],"{'kecewa': 'kecewa', 'jelata': 'jelata', 'bermain': 'bermain', 'tuan': 'tuan'}",2,2,0.8484,,,,,,,,,
pak kami orang kampung yang khusus orang sumatera pedalaman . kami sangat kecewa dengan hal penyiaran asian games . sebenarnya regulasi bisa diubah karena ini wilayah indonesia jadi apa pun yang berada diindonesia harus mengikutkan perintah dari saya,2,pak kami orang kampung yang khusus orang sumatera pedalaman kami sangat kecewa dengan hal penyiaran asian games sebenarnya regulasi bisa diubah karena ini wilayah indonesia jadi apa pun yang berada diindonesia harus mengikutkan perintah dari saya,1.0,2,[7.000e-04 1.300e-03 9.979e-01],2,[7.000e-04 1.700e-03 9.976e-01],"{'games': 'games', 'perintah': 'perintah', 'pedalaman': 'pedalaman'}",2,2,0.7937,,,,,,,,,
dukungan untuk asian games terbatas . ini status satu kampung aku yang merasa kecewa . ri nahrawi,2,dukungan untuk asian games terbatas ini status satu kampung aku yang merasa kecewa ri nahrawi,1.0,2,[0.0017 0.0822 0.9161],2,[0.0019 0.061  0.9371],{'kampung': 'kampung'},2,1,0.6929,,,,,,,,,
"tugas tv sctv itu untuk menghibur rakyat indonesia , bukan malah membuat rakyat indonesia kecewa , jangan selalu uang yang kalian pikirkan pak .",2,tugas tv sctv itu untuk menghibur rakyat indonesia bukan malah membuat rakyat indonesia kecewa jangan selalu uang yang kalian pikirkan pak,1.0000001192092896,2,[0.0022 0.0074 0.9904],2,[0.0018 0.0045 0.9937],"{'kecewa': 'kecewa', 'uang': 'uang'}",2,1,0.726,,,,,,,,,
"kami warga khusus sumatera , kalimantan , dan papua sangat kecewa dengan cara penyiaran asian games cabor sepak bola . jangan bagikan alasan bahwa itu adalah aturan dari oympic bila bola . itu adalah alasan basi memang kami bodoh apa !",2,kami habitant khusus sumatera kalimantan dan papua sangat kecewa dengan cara penyiaran asian games cabor sepak bola jangan bagikan raison bahwa itu adalah aturan dari oympic bila bola itu adalah raison basi memang kami bodoh apa,0.9746439456939696,2,[6.00e-04 5.00e-04 9.99e-01],2,[6.000e-04 7.000e-04 9.987e-01],"{'kecewa': 'kecewa', 'alasan': 'raison', 'warga': 'habitant', 'basi': 'basi'}",2,2,0.8025,,,,,,,,,
"sebagai resmi broadcast , saya merasa kecewa dengan karena selain siaran yang di acak , iklan pop naik yang menutupi layar , juga tidak menayangkan pertandingan lainn nya . bahkan , menjelang asian games masih banyak sinetron reguler daripada tayangan asian games .",2,sebagai resmi broadcast saya merasa kecewa dengan karena selain siaran yang di acak iklan pop naik yang menutupi layar juga tidak menayangkan pertandingan lainn nya bahkan menjelang asian games masih banyak sinetron reguler daripada tayangan asian games,1.0000001192092896,2,[9.000e-04 7.000e-04 9.984e-01],2,[1.000e-03 9.000e-04 9.981e-01],"{'kecewa': 'kecewa', 'sinetron': 'sinetron', 'menjelang': 'menjelang', 'iklan': 'iklan'}",2,1,0.8419,,,,,,,,,
"rakyat indonesia lebih kecewa , ini bukan settingan kayak sinetron . ini asli , rakyat indonesia kecewa tidak bisa nonton asian games . ingat , sctv bisa menjadi besar sekarang karena rakyat indonesia bukan india . atau sinetron tidak jelas .",2,rakyat indonesia lebih kecewa ini bukan settingan kayak sinetron ini asli rakyat indonesia kecewa tidak bisa nonton asian games ingat sctv bisa menjadi besar sekarang karena rakyat indonesia bukan india atau sinetron tidak jelas,1.0000001192092896,2,[1.200e-03 4.000e-04 9.985e-01],2,[1.200e-03 5.000e-04 9.983e-01],"{'kecewa': 'kecewa', 'kayak': 'kayak'}",2,0,0.7602,,,,,,,,,
saya secara pribadi tetap tidak setuju dengan semua jenis ajakan . apalagi untuk timnas yang main . kalau liga-liga top eropa apa yang lain silakan saya tidak menonton juga tidak mengapa . tapi ini timnas . kita tetap meminta ta pak dan pak nahrawi,2,saya secara pribadi tetap tidak setuju dengan semua jenis ajakan apalagi untuk timnas yang main kalau top eropa apa yang lain Please saya tidak menonton juga tidak mengapa tapi ini timnas kita tetap meminta ta pak dan pak nahrawi,0.9954213500022888,2,[0.0144 0.0436 0.942 ],2,[0.0418 0.0749 0.8833],"{'timnas': 'timnas', 'silakan': 'Please'}",2,1,0.7823,,,,,,,,,
"saya tidak peduli milo dan kokokrunch duo lebih mahal / murah mana , anak saya kecewa sarapan tidak sesuai keinginan nya",2,saya tidak peduli milo dan kokokrunch duo lebih mahal murah mana anak saya kecewa sarapan tidak sesuai keinginan nya,1.0,2,[9.000e-04 3.000e-04 9.988e-01],2,[6.000e-04 3.000e-04 9.991e-01],"{'kecewa': 'kecewa', 'kokokrunch': 'kokokrunch'}",2,2,0.6744,,,,,,,,,
"saya sebagai aktifis pecinta beruang indonesia apbi , dengan ini merasa kecewa kepada pt nestle . kenapa iklan nya sangat menipu .",2,saya sebagai aktifis pecinta beruang indonesia apbi dengan ini merasa kecewa kepada pt nestle kenapa iklan nya sangat menipu,1.0,2,[8.00e-04 1.20e-03 9.98e-01],2,[6.000e-04 1.200e-03 9.981e-01],"{'kecewa': 'kecewa', 'pecinta': 'pecinta'}",2,2,0.6631,,,,,,,,,
kecewa sama promo yang diadakan id dan sepertinya setengah-setengah sekali kasih promo ivoucher 50 ribu tiap beli 5box dancow 1 800 gr . huft . harus nya tidak usah kasih promo kalau tidak niat .,2,kecewa sama promo yang diadakan id dan sepertinya sekali kasih promo ivoucher 50 ribu tiap beli 5box dancow 1 800 g huft harus nya tidak usah kasih promo kalau tidak niat,0.9830393195152284,2,[6.00e-04 4.00e-04 9.99e-01],2,[4.000e-04 4.000e-04 9.992e-01],"{'kecewa': 'kecewa', 'gr': 'g', 'beli': 'beli', 'id': 'id'}",2,2,0.7468,,,,,,,,,
aku kecewa . tadi pergi kfc dapat wedges macam tidak niat dibuat nya . sudah begitu memberi mayones nya berantakan banget .,2,aku kecewa tadi pergi kfc dapat wedges macam tidak niat dibuat nya sudah begitu memberi mayones nya berantakan banget,1.0000001192092896,2,[9.000e-04 2.000e-04 9.989e-01],2,[7.00e-04 3.00e-04 9.99e-01],"{'kecewa': 'kecewa', 'nya': 'nya'}",2,2,0.6693,,,,,,,,,
kfc chizza apa banget . tidak jelas rasanya . rasanya ingin buntut kfc buat mengembalikan uang gue . kecewa .,2,kfc chizza apa banget tidak jelas rasanya rasanya ingin buntut kfc buat mengembalikan uang gue kecewa,1.0000001192092896,2,[7.000e-04 2.000e-04 9.991e-01],2,[5.000e-04 2.000e-04 9.992e-01],{'kecewa': 'kecewa'},2,2,0.6662,,,,,,,,,
"aku belajar satu perkara tentang pengharapan . kalau kita berharap pada tuhan , memang tak akan kecewa . kalau kita berharap pd kfc , barulah kecewa sangat .",2,aku belajar satu perkara tentang pengharapan kalau kita berharap pada tuhan memang tak akan kecewa kalau kita berharap pd kfc barulah kecewa sangat,1.0,2,[0.1254 0.0151 0.8595],2,[0.3684 0.0175 0.614 ],{'kfc': 'kfc'},2,1,0.6928,,,,,,,,,
"itu tadi saya cancel , soal nya kantor saya juga sudah tutup . semoga tidak kejadian seperti ini lagi , karena selama saya order di pd baru pertama kali menemukan hal yang seperti ini , kecewa sih .",2,itu tadi saya cancel soal nya kantor saya juga sudah tutup semoga tidak kejadian seperti ini lagi karena selama saya order di pd baru pertama kali menemukan hal yang seperti ini kecewa sih,1.0,2,[1.200e-03 4.000e-04 9.984e-01],2,[1.200e-03 6.000e-04 9.982e-01],"{'kecewa': 'kecewa', 'sih': 'sih'}",2,1,0.7526,,,,,,,,,
dari sejujur nya saya sangat kecewa dengan kenyataan dari menangguhkan dengan alasan masalah kewangan berpunca dari kerajaan lama . cari la solusi baru bukan tangguh dan tanding jari . bagaimana nasib kami yang kurang mampu untuk memiliki sarjana dan pd ? kena korek duit tabung ?,2,dari sejujur nya saya sangat kecewa dengan kenyataan dari menangguhkan dengan alasan masalah kewangan berpunca dari kerajaan lama cari la solusi baru bukan tangguh dan tanding jari bagaimana nasib kami yang kurang mampu untuk memiliki bachelier dan pd kena korek duit tube,0.9853287935256958,2,[0.0041 0.0011 0.9948],2,[0.0119 0.0021 0.986 ],"{'kecewa': 'kecewa', 'tabung': 'tube', 'korek': 'korek', 'sarjana': 'bachelier'}",2,2,0.8309,,,,,,,,,
gue paling suka cebong pada mengawal . ketua kpk ? wkwkkwk ahok mengurus laporan keuangan saja amburadul . tidak pernah dapat wtp . 5 tahun bos . sudahlah saya sudah terlanjur kecewa dengan dia .,2,gue paling suka cebong pada mengawal ketua kpk wkwkkwk ahok mengurus laporan keuangan saja amburadul tidak pernah dapat wtp 5 tahun bos sudahlah saya sudah terlanjur kecewa dengan dia,1.0,2,[7.000e-04 2.000e-04 9.991e-01],2,[7.000e-04 2.000e-04 9.991e-01],"{'kecewa': 'kecewa', 'cebong': 'cebong', 'bos': 'bos'}",2,2,0.7276,,,,,,,,,
"saya sih tidak suka tsb tapi dengan diperiksa nya atas laporan lama ini bukti nyata bahwa kpk itu alat politik , alat penguasa . bubarkan saja !",2,saya sih tidak Comme tsb tapi dengan diperiksa nya atas laporan lama ini bukti nyata bahwa kpk itu alat politik alat penguasa bubarkan saja,0.9865673780441284,2,[4.000e-04 5.000e-04 9.991e-01],2,[7.000e-04 2.000e-03 9.973e-01],"{'suka': 'Comme', 'bubarkan': 'bubarkan'}",2,2,0.6892,,,,,,,,,
"kenapa saya tidak suka sama elit-elit pks yang sekarang ? karena elit-elit yang sekarang adalah yang ngumpet di bawah meja saat elit-elit terdahulu zaman am berdarah2 pertahankan pks dari badai kpk . giliran mereka berkuasa , elit am malah disingkirkan .",2,kenapa saya tidak Comme sama pks yang sekarang karena yang sekarang adalah yang ngumpet di bawah meja saat terdahulu zaman am berdarah2 pertahankan pks dari badai kpk giliran mereka berkuasa elit am malah disingkirkan,0.9846627116203308,2,[1.700e-03 5.000e-04 9.978e-01],2,[0.0018 0.0011 0.9971],"{'suka': 'Comme', 'ngumpet': 'ngumpet', 'meja': 'meja'}",2,2,0.7531,,,,,,,,,
ini orang suka banget pidato sama . resmikan acara . tidak suka kerja . si wakil nya cuma cengeh-cengehan disamping . benar-benar badut,2,ini orang suka banget pidato sama resmikan acara tidak suka kerja si wakil nya cuma disamping badut,0.9845991134643556,2,[6.000e-04 3.000e-04 9.991e-01],2,[5.000e-04 3.000e-04 9.991e-01],"{'orang': 'orang', 'si': 'si'}",2,2,0.6621,,,,,,,,,
charger masih benar buat telepon genggam lain . cuma sama xiao mi saya suka tidak cocok . yang saya bawa tiap hari lebih cocok . padahal charger asus . malah charger ori xiaomi nya tidak enak,2,charger masih benar buat telepon genggam lain cuma sama xiao mi saya suka tidak cocok yang saya bawa tiap hari lebih cocok padahal charger asus malah charger ori xiaomi nya tidak enak,1.0,2,[1.700e-03 4.000e-04 9.979e-01],2,[1.000e-03 4.000e-04 9.987e-01],"{'enak': 'enak', 'cocok': 'cocok', 'xiao': 'xiao'}",2,2,0.7456,,,,,,,,,
"dulu aku sempat pengin ganti handphone juga . pertimbangan ku itu oppo f5 , vivo v7 , sama xiaomi mi a1 . mereka bertiga dari spesifikasi dan harga mirip mirip . tapi terus aku eliminasi xiaomi mi a1 , karena dia slot nya hybrid . aku tidak suka .",2,dulu aku sempat pengin ganti handphone juga considération ku itu oppo f5 vivo v7 sama xiaomi mi a1 mereka bertiga dari spesifikasi dan harga mirip mirip tapi terus aku eliminasi xiaomi mi a1 karena dia slot nya hybrid aku tidak Comme,0.9876567125320436,2,[0.0036 0.0016 0.9948],2,[0.0458 0.3342 0.62  ],"{'suka': 'Comme', 'xiaomi': 'xiaomi', 'pertimbangan': 'considération'}",2,1,0.814,,,,,,,,,
"menyesal tidak sih ganti handphone , dari iphone 7 ke samsung s8 ?: hmm , 75 % menyesal . kurang enak buat pakai s8 , dari segi camera lebih suka ip7 , dari segi performa juga ip7 , batre juga tidak beda jauh banget . lalu , s8 ini juga agak sering melar , padahal cuma buka instagram saja . ckck",2,menyesal tidak sih ganti handphone dari iphone 7 ke samsung s8 hmm 75 menyesal kurang enak buat pakai s8 dari segi camera lebih suka ip7 dari segi performa juga ip7 batre juga tidak beda jauh banget lalu s8 ini juga agak sering melar padahal cuma buka instagram saja ckck,1.0,2,[0.0122 0.0022 0.9856],2,[0.0347 0.0018 0.9635],"{'enak': 'enak', 'ckck': 'ckck', 'melar': 'melar', 'performa': 'performa'}",2,1,0.9461,,,,,,,,,
ada yang pakai samsung a8 tidak ? dan suara nya suka mati-mati begitu kalau tidak pakai headset . misalnya setel musik nanti sura nya kedengaran nya kayak pause2 1 detik begitu padahal masih jalan . agak sering itu aku . sebel deh .,2,ada yang pakai samsung a8 tidak dan suara nya suka begitu kalau tidak pakai headset misalnya setel musik nanti sura nya kedengaran nya kayak pause2 1 detik begitu padahal masih Rue agak sering itu aku sebel deh,0.9836348295211792,2,[0.0012 0.0013 0.9975],2,[0.0011 0.001  0.9979],"{'sebel': 'sebel', 'deh': 'deh', 'jalan': 'Rue', 'detik': 'detik'}",2,2,0.8042,,,,,,,,,
saya sangat kecewa dengan pihak sales promotion toyota . saya menang hadiah samsung gear sport tetapi di kasih nya gear s2 yang jelas-jelas harga beda jauh . nama nya satria after sales promotion dia bilang sudah bersyukur saja nama nya juga hadiahlah kok begitu .,2,saya sangat kecewa dengan pihak sales promotion toyota saya menang hadiah samsung gear sport tetapi di kasih nya gear s2 yang harga beda jauh nama nya satria after sales promotion dia bilang sudah bersyukur saja nama nya juga hadiahlah kok begitu,0.9975414872169496,2,[1.300e-03 5.000e-04 9.981e-01],2,[7.000e-04 5.000e-04 9.988e-01],"{'kecewa': 'kecewa', 'promotion': 'promotion', 'hadiahlah': 'hadiahlah'}",2,2,0.8135,,,,,,,,,
id my s8 eror . lagi . hang . atau apapun nama nya . selama 3 jam lebih ? kirain cuma hang biasa selama 1 atau 2 menit but ini adalah crazy . kecewa parah pokok nya .,2,id my s8 eror lagi hang atau apapun nama nya selama 3 jam lebih kirain cuma hang biasa selama 1 atau 2 menit but ini adalah crazy kecewa parah pokok nya,1.0,2,[8.000e-04 6.000e-04 9.986e-01],2,[7.000e-04 5.000e-04 9.989e-01],"{'kecewa': 'kecewa', 'parah': 'parah', 'id': 'id', 'eror': 'eror'}",2,2,0.7419,,,,,,,,,
"kecewa sama iphone8 , kalah politik dengan samsung .. saat nya hijrah ke samsung iphone 8 iphone x",2,kecewa sama iphone8 kalah politik dengan samsung saat nya hijrah ke samsung iphone 8 iphone x,1.0000001192092896,2,[5.000e-04 2.300e-03 9.972e-01],2,[9.000e-04 9.000e-03 9.902e-01],"{'nya': 'nya', 'kalah': 'kalah'}",2,2,0.6813,,,,,,,,,
aku kecewa dengan iphone . aku pakai ip4s ini lama gila .,2,aku kecewa dengan iphone aku pakai ip4s ini lama gila,1.0,2,[5.00e-04 5.00e-04 9.99e-01],2,[0.0016 0.0014 0.997 ],{'kecewa': 'kecewa'},2,2,0.6769,,,,,,,,,
cukuplah sekali aku pernah kecewa dengan lenovo .,2,cukuplah sekali aku pernah kecewa dengan lenovo,1.0,2,[1.200e-03 5.000e-04 9.983e-01],2,[2.300e-03 4.000e-04 9.973e-01],{'kecewa': 'kecewa'},2,2,0.6538,,,,,,,,,
kemarin banget dengar cerita ini . wajar dong kalau saya kecewa dengan samsung . saya merasa tertipu . saya tidak dapat apa yang dijanjikan di awal .,2,kemarin banget dengar cerita ini wajar dong kalau saya kecewa dengan samsung saya merasa tertipu saya tidak dapat apa yang dijanjikan di awal,1.0000001192092896,2,[8.000e-04 4.000e-04 9.989e-01],2,[9.000e-04 3.000e-04 9.988e-01],{'kemarin': 'kemarin'},2,2,0.6813,,,,,,,,,
aku sudah 2x pakai samsung 2x kecewa . aku menyesal . aku tidak ingin pakai handphone merek itu lagi !,2,aku sudah 2x pakai samsung 2x kecewa aku menyesal aku tidak ingin pakai handphone merek itu lagi,1.0000001192092896,2,[2.100e-03 9.000e-04 9.971e-01],2,[8.000e-04 8.000e-04 9.984e-01],{'handphone': 'handphone'},2,2,0.6714,,,,,,,,,
samsung galaxy s6 . standar fon samsung ini . bila sampai satu peringkat . dia akan lagi dijuragan sendiri nya . saya pengguna samsung yang kecewa .,2,samsung galaxy s6 standar fon samsung ini bila sampai satu peringkat dia akan lagi dijuragan sendiri nya saya pengguna samsung yang kecewa,1.0,2,[0.0027 0.0017 0.9956],2,[9.000e-04 1.200e-03 9.979e-01],"{'kecewa': 'kecewa', 'nya': 'nya'}",2,2,0.6561,,,,,,,,,
kecewa dengan specs desain galaxy s5 . tidak sesuai dengan harapan . terlalu biasa saja .,2,kecewa dengan specs desain galaxy s5 tidak sesuai dengan harapan terlalu biasa saja,1.0,2,[1.100e-03 3.000e-04 9.985e-01],2,[8.000e-04 4.000e-04 9.988e-01],{'kecewa': 'kecewa'},2,2,0.6679,,,,,,,,,
"kecewa banget sama id pusat servis pi . kan kita spent waktu untuk ke sini , tidak dikasih solusi . masa harus bolak balik .",2,kecewa très sama id pusat servis pi kan kita spent waktu untuk ke sini tidak dikasih solusi masa harus bolak balik,0.977097749710083,2,[4.000e-04 3.000e-04 9.993e-01],2,[5.000e-04 6.000e-04 9.989e-01],"{'kecewa': 'kecewa', 'banget': 'très'}",2,2,0.6818,,,,,,,,,
"baru sadar , bahwa selama ini ternyata saya bukan apple penggemar . saya adalah umat stevejob yang kecewa karena apple kalah inovasi oleh samsung .",2,baru sadar bahwa selama ini ternyata saya bukan apple penggemar saya adalah umat stevejob yang kecewa karena apple kalah inovasi oleh samsung,1.0000001192092896,2,[0.0015 0.0013 0.9972],2,[0.0016 0.0021 0.9963],"{'stevejob': 'stevejob', 'kecewa': 'kecewa'}",2,1,0.6922,,,,,,,,,
"kecewa aku dengan desain s4 , samsung ketandusan ide ! kenapa bisa perusahaan besar itu keilangan akal . mungkin isi orang-orang nya hanya orang biasa saja .",2,kecewa aku dengan desain s4 samsung ketandusan ide kenapa bisa perusahaan besar itu keilangan akal mungkin isi nya hanya orang biasa saja,0.99185049533844,2,[7.000e-04 5.000e-04 9.988e-01],2,[7.000e-04 5.000e-04 9.988e-01],{'kecewa': 'kecewa'},2,2,0.6586,,,,,,,,,
samsung galaxy s saya sudah diluncurkan semalam . saya kecewa desain nya standar banget . ekspektasi saya cuma terwujud 70 % . percuma terbawa sampai mimpi .,2,samsung galaxy s saya sudah lance semalam saya kecewa desain nya standar banget ekspektasi saya cuma terwujud 70 percuma terbawa sampai mimpi,0.9782493114471436,2,[7.000e-04 5.000e-04 9.988e-01],2,[6.000e-04 5.000e-04 9.989e-01],"{'kecewa': 'kecewa', 'diluncurkan': 'lance', 'ekspektasi': 'ekspektasi'}",2,2,0.6641,,,,,,,,,
hotel mau cek in aja ribet bersihkan kamar lama banget kecewa dah . ini pertama kalinya gue ke sana . terus langsung dikasih first impression yang tidak bagus .,2,hotel mau cek in aja ribet bersihkan chambres lama banget kecewa dah ini pertama kalinya gue ke sana terus langsung dikasih first impression yang tidak bagus,0.9848099946975708,2,[1.200e-03 3.000e-04 9.984e-01],2,[8.000e-04 3.000e-04 9.989e-01],"{'dah': 'dah', 'in': 'in', 'kamar': 'chambres'}",2,2,0.6716,,,,,,,,,
"sebagai indomie goreng mania , saya merasa kecewa kalau mendapati ternyata bumbu jebol di dalam kemasan , kudu bagaimana nek ngene ini ? gaduh . tidak profesional banget .",2,sebagai indomie goreng mania saya merasa kecewa kalau mendapati ternyata bumbu jebol di dalam kemasan kudu bagaimana nek ngene ini gaduh tidak professionnel très,0.9622939825057985,2,[7.00e-04 3.00e-04 9.99e-01],2,[5.000e-04 7.000e-04 9.988e-01],"{'banget': 'très', 'profesional': 'professionnel'}",2,2,0.6758,,,,,,,,,
"kecewa dengan kualitas barang dari depan kantor , chitato expired masih dijual untung aku masih baik . tadinya ingin lapor .",2,kecewa dengan kualitas barang dari depan kantor chitato expired masih dijual untung aku masih baik tadinya ingin lapor,1.0,2,[5.000e-04 6.000e-04 9.989e-01],2,[8.000e-04 1.300e-03 9.979e-01],{'kecewa': 'kecewa'},2,2,0.6549,,,,,,,,,
"kecewa berat . baru tahu pop mie goreng sudah discontinue ya ? why ???!!!! padahal itu enak banget , terbaik .",2,kecewa berat baru tahu pop mie goreng sudah discontinue ya why padahal itu enak très terbaik,0.9794790148735046,2,[1.500e-03 3.000e-04 9.983e-01],2,[2.800e-03 4.000e-04 9.967e-01],"{'kecewa': 'kecewa', 'banget': 'très'}",2,2,0.6583,,,,,,,,,
client kita komplain kami pun sangat kecewa . paling tidak bisa jujur jika tidak bisa tepat waktu untuk antar dari wtc ke indofood tower .,2,client kita komplain kami pun sangat kecewa paling tidak bisa jujur jika tidak bisa tepat waktu untuk antar dari wtc ke indofood tower,1.0,2,[1.200e-03 4.000e-04 9.984e-01],2,[1.200e-03 5.000e-04 9.983e-01],{'tower': 'tower'},2,2,0.6885,,,,,,,,,
selesai juga bikin surat pengunduran diri . dah ah tinggal tidur saja . besok pagi tinggal pergi ke gudang indofood sangat kecewa .,2,selesai juga bikin surat pengunduran diri dah Ah tinggal tidur saja besok pagi tinggal pergi ke gudang indofood sangat kecewa,1.0000001192092896,2,[7.000e-04 4.000e-04 9.989e-01],2,[4.000e-04 3.000e-04 9.993e-01],"{'kecewa': 'kecewa', 'ah': 'Ah', 'tidur': 'tidur'}",2,2,0.6773,,,,,,,,,
indofood tukang bohong -- dapat pulsa dari mi 20.000 tetapi tidak di tanggepin kecewa tidak mau beli produk indofood lagi ah . kecewa . kecewa .,2,indofood tukang bohong dapat pulsa dari mi tetapi tidak di tanggepin kecewa tidak mau beli produk indofood lagi Ah kecewa kecewa,0.9729264378547668,2,[4.000e-04 3.000e-04 9.993e-01],2,[6.000e-04 3.000e-04 9.991e-01],"{'ah': 'Ah', 'tanggepin': 'tanggepin'}",2,2,0.6786,,,,,,,,,
"sumpah aku sedih banget dan kagol , popmie favorit aku sudah tidak ada lagi kecewa indofood aku itu padahal hampir setiap hari makan itu .",2,sumpah aku triste banget dan kagol popmie favorit aku sudah tidak ada lagi kecewa indofood aku itu padahal hampir setiap hari makan itu,0.9880454540252686,2,[8.000e-04 4.000e-04 9.988e-01],2,[0.3632 0.0029 0.6339],{'sedih': 'triste'},2,2,0.698,,,,,,,,,
"kecewa sama indofood , kata nya di sini tulisan nya sambal abc ekstra pedas tapi biro biro pedas , manis mah iya ini - . - tidak asik ah",2,kecewa sama indofood kata nya di sini tulisan nya sambal abc ekstra pedas tapi biro biro pedas manis mah iya ini tidak asik Ah,1.0,2,[8.00e-04 3.00e-04 9.99e-01],2,[7.00e-04 3.00e-04 9.99e-01],"{'kecewa': 'kecewa', 'ah': 'Ah', 'asik': 'asik'}",2,2,0.7341,,,,,,,,,
dengan ini saya nyatakan kecewa dengan indofood ! masa di indomie soto saya bubuk cabai nya kosong ! hak saya dihilangkan !,2,dengan ini saya nyatakan kecewa dengan indofood masa di indomie soto saya bubuk cabai nya kosong hak saya dihilangkan,1.0,2,[0.0011 0.0035 0.9954],2,[5.000e-04 1.200e-03 9.983e-01],"{'kecewa': 'kecewa', 'indomie': 'indomie'}",2,2,0.7286,,,,,,,,,
"kecewa sama supir taxi masa menara indofood dibilang shangrila hotel , kalau memang tidak tahu ada baiknya tanya !",2,kecewa sama supir taxi masa menara indofood dibilang shangrila hotel kalau memang tidak tahu ada baiknya tanya,1.0000001192092896,2,[0.0016 0.0012 0.9973],2,[1.200e-03 9.000e-04 9.978e-01],{'kecewa': 'kecewa'},2,2,0.6922,,,,,,,,,
"gimana ya antara kecewa atau sekadar deh sama r di indofood , karena pas rendang keluar itu heboh mampus enak nya enggak ketolongan . new varian noods din triliun capture dat magic .",2,gimana ya antara kecewa atau sekadar deh sama r di indofood karena pas rendang keluar itu heboh mampus enak nya enggak ketolongan new varian nouilles din triliun capture dat magic,0.9915987849235536,2,[0.0077 0.0054 0.987 ],2,[0.0243 0.0084 0.9673],"{'noods': 'nouilles', 'kecewa': 'kecewa', 'mampus': 'mampus', 'deh': 'deh'}",2,0,0.76,,,,,,,,,
"kecewa sama sales teh kahuripan . tawarkan produk maksa harus beli , sampai ngancem enggak bakal dikasih tiket / kupon mudik .",2,kecewa sama sales teh kahuripan tawarkan produk maksa harus beli sampai ngancem enggak bakal dikasih tiket kupon mudik,1.0,2,[7.000e-04 1.100e-03 9.982e-01],2,[6.000e-04 1.000e-03 9.984e-01],"{'kecewa': 'kecewa', 'maksa': 'maksa'}",2,2,0.6785,,,,,,,,,
saya sangat kecewa dengan klaim mobil saya . an . karpito . serena b 1764 toz . mohon penjelasan dari pihak bca karena hak dalam polis saya tidak dipenuh . jangan merugikan orang lain .,2,saya sangat kecewa dengan klaim auto saya an karpito serena b 1764 toz mohon penjelasan dari pihak bca karena hak dalam polis saya tidak dipenuh jangan merugikan orang lain,0.9815161228179932,2,[0.0021 0.0045 0.9934],2,[0.0029 0.0258 0.9713],"{'merugikan': 'merugikan', 'mobil': 'auto', 'karpito': 'karpito'}",2,1,0.7727,,,,,,,,,
"kecewa dengan xl , sudah 2 bulan berturut-berturut gagal debet ke kartu kredit bca status kartu normal padahal bulan-bulan sebelumnya lancar . malah suruh datang ke gerai xl , buat apa ada pusat panggilan !",2,kecewa dengan xl sudah 2 bulan gagal debet ke kartu kredit bca status kartu normal padahal sebelumnya lancar malah suruh datang ke gerai xl buat apa ada pusat panggilan,0.9936112761497498,2,[2.000e-04 1.300e-03 9.984e-01],2,[2.000e-04 1.200e-03 9.986e-01],"{'kecewa': 'kecewa', 'lancar': 'lancar', 'xl': 'xl'}",2,2,0.6943,,,,,,,,,
"sampai saat ini benar-benar enjoy deh pakai . tapi tadi kita coba cash kembali 50 % sunday ya nonton bioskop , di xxi epicentrum cuma bisa pkk debit bca saja . tidak bisa pakai kartu lain . penonton kecewa deh . __sad__",2,sampai saat ini enjoy deh pakai tapi tadi kita coba cash kembali 50 sunday ya Regardez bioskop di xxi epicentrum cuma bisa pkk debit bca saja tidak bisa pakai kartu lain penonton kecewa deh,0.985264539718628,2,[1.600e-03 6.000e-04 9.979e-01],2,[5.000e-04 1.000e-03 9.985e-01],"{'penonton': 'penonton', 'deh': 'deh', 'nonton': 'Regardez'}",2,2,0.7696,,,,,,,,,
"sungguh kecewa dengan pelayanan bca , khusus nya baca finance wtc mg 2 . pelayanan ovet kredit yang sungguh mengecewakan . sudah hampir 1 bulan lebih belum ada kabar juga , bahkan saya sudah membayar 2x tagihan cicilan masih belum ada kabar juga . tanya ke marketing juga respon nya tidak ada .",2,sungguh kecewa dengan pelayanan bca khusus nya baca finance wtc mg 2 pelayanan ovet kredit yang sungguh mengecewakan sudah hampir 1 bulan lebih belum ada kabar juga bahkan saya sudah membayar 2x tagihan cicilan masih belum ada kabar juga tanya ke marketing juga réponse nya tidak ada,0.9955257773399352,2,[1.200e-03 7.000e-04 9.981e-01],2,[0.001  0.0012 0.9978],"{'kecewa': 'kecewa', 'respon': 'réponse', 'kabar': 'kabar', 'sungguh': 'sungguh'}",2,0,0.8959,,,,,,,,,
sedang proses penukaran produk karena awam pertama kali urusan dengan blibli . maka pt bca tbk menyampaikan catatan ini serius . sangat kecewa keberatan karena tidak ada itikad baik .,2,sedang proses penukaran produk karena awam pertama kali urusan dengan blibli maka pt bca tbk menyampaikan catatan ini serius sangat kecewa keberatan karena tidak ada itikad baik,1.0,2,[6.000e-04 1.100e-03 9.983e-01],2,[6.000e-04 2.700e-03 9.968e-01],"{'kecewa': 'kecewa', 'serius': 'serius', 'itikad': 'itikad'}",2,2,0.7446,,,,,,,,,
seperti yang sudah saya mention sebelumnya pak romi . data saya diketahui semuanya . oh iya . jikalau tutup akun bagaimana ya ? dan meminta semua data saya yang di bca tidak tersimpan lagi . saya kecewa . ingin tutup akun bca saja biar tidak terjadi seperti ini lagi .,2,seperti yang sudah saya mention sebelumnya pak romi data saya diketahui semuanya oh iya jikalau tutup akun bagaimana ya dan meminta semua data saya yang di bca tidak tersimpan lagi saya kecewa ingin tutup akun bca saja biar tidak terjadi seperti ini lagi,1.0,2,[6.000e-04 8.000e-04 9.986e-01],2,[0.001  0.0028 0.9963],"{'kecewa': 'kecewa', 'romi': 'romi', 'bca': 'bca'}",2,1,0.8136,,,,,,,,,
"sebagai nasabah bank bca yang sudah lebih dari 10th , saya merasa kecewa . bca tidak dapat memberikan keamanan kepada nasabah nya . bagaimana bisa uang di rekening saya habis . terjadi transaksi berkali-kali di tanggal 19 20 mei kemarin yang bukan dilakukan oleh saya .",2,sebagai nasabah bank bca yang sudah lebih dari 10th saya merasa kecewa bca tidak dapat memberikan keamanan kepada nasabah nya bagaimana bisa uang di rekening saya habis terjadi transaksi di tanggal 19 20 mei kemarin yang bukan dilakukan oleh saya,0.997244358062744,2,[0.0015 0.0011 0.9973],2,[0.0024 0.0067 0.9909],"{'kecewa': 'kecewa', 'uang': 'uang', 'bca': 'bca'}",2,2,0.7966,,,,,,,,,
"apl ini sangat membantu sekali dengan memberikan kemudahan dalam pesan tiket to bepergian ke mana pun , sehingga saya tidak harus keluar lagi to mmbli tiket , semoga aplikasi ini selalu lncar ya setiap x melakukan pemesanan .",0,apl ini sangat membantu sekali dengan memberikan kemudahan dalam pesan tiket to bepergian ke mana pun sehingga saya tidak harus keluar lagi to mmbli tiket semoga aplikasi ini selalu lncar oui setiap x melakukan pemesanan,0.9888935089111328,0,[0.9942 0.0047 0.001 ],0,[0.9847 0.0124 0.0029],"{'ya': 'oui', 'pemesanan': 'pemesanan', 'aplikasi': 'aplikasi'}",0,1,0.78,,,,,,,,,
"dua kali sudah teman saya bookingkan tiket lewat aplikasi ini bagus-bagus saja . tidak sampai 2 mnit , kode booking nya langsung dikirimkan . mantap .",0,dua kali sudah teman saya bookingkan tiket lewat aplikasi ini saja tidak sampai 2 mnit kode booking nya langsung dikirimkan mantap,0.995966613292694,0,[9.982e-01 9.000e-04 9.000e-04],0,[0.979  0.0174 0.0036],{'nya': 'nya'},0,0,0.6905,,,,,,,,,
"alhamdulillahirrabil allamin , menggunakan aplikasi ini mudah . paling suka adalah penukaran poin sebagai pembayaran tiket bisa dilakukan dengan mudah , simpel dan terpercaya .",0,alhamdulillahirrabil allamin menggunakan aplikasi ini mudah paling Comme adalah penukaran poin sebagai pembayaran tiket bisa dilakukan dengan mudah simpel dan terpercaya,0.978129267692566,0,[9.982e-01 1.300e-03 5.000e-04],0,[0.9916 0.0074 0.0011],"{'suka': 'Comme', 'terpercaya': 'terpercaya'}",0,1,0.6941,,,,,,,,,
sempat agak takut pesan tiket pesawat di sini karena ulasan yang lain . tapi ingat teman pernah beli di sini lancar saja . akhirnya memesan pas banget di tfansfer cuma hitungan detik e tiket dikirim terima kasih lo . terima kasih promo nya lumayan . jadi lumayan untung .,0,sempat agak takut pesan tiket pesawat di sini karena ulasan yang lain tapi ingat teman pernah beli di sini lancar saja akhirnya memesan pas très di tfansfer cuma hitungan detik e tiket dikirim terima viseur lo terima viseur promo nya lumayan jadi lumayan untung,0.9680199027061462,0,[0.9962 0.0014 0.0024],0,[0.9892 0.0069 0.0039],"{'untung': 'untung', 'nya': 'nya', 'promo': 'promo', 'banget': 'très', 'kasih': 'viseur'}",0,1,0.9343,,,,,,,,,
aplikasi yang sangat membantu dalam setiap perjalan saya . memuaskan pokok nya . segera coba .,0,aplikasi yang sangat membantu dalam setiap perjalan saya memuaskan pokok nya segera coba,1.0,0,[9.984e-01 7.000e-04 9.000e-04],0,[9.978e-01 9.000e-04 1.200e-03],{'coba': 'coba'},0,1,0.9529,,,,,,,,,
"menyenangkan menggunakan aplikasi ini . selain sangat lengkap , aplikasi ini juga sangat rinci . yang paling menyenangkan adalah banyak promo nya .",0,menyenangkan menggunakan aplikasi ini selain sangat lengkap aplikasi ini juga sangat rinci yang paling menyenangkan adalah banyak promo nya,1.0000001192092896,0,[9.992e-01 4.000e-04 4.000e-04],0,[9.987e-01 7.000e-04 6.000e-04],{'nya': 'nya'},0,1,0.6789,,,,,,,,,
dari dulu pas liburan saya selalu memesan hotel pakai tiket.com . untuk gaji yang saat-saat an seperti saya dan bisa dapat hotel bintang 5 cup ! wow banget enggak iniihh . apalagi ada tonight deals kita bisa dapatkan diskon sampai 50 % kalau pesan hotel di atas jam 6 malam . sudah pasti makin nikmat pas liburan ditambah lagi bisa istirahat di hotel bintang 5 yang nyaman dengan harga yang murah . terima kasih tiket.com .,0,dari dulu pas liburan saya selalu memesan hotel pakai untuk gaji yang an seperti saya dan bisa dapat hotel bintang 5 cup wow banget enggak iniihh apalagi ada tonight deals kita bisa dapatkan diskon sampai 50 kalau pesan hotel di atas jam 6 malam sudah pasti makin nikmat pas liburan ditambah lagi bisa istirahat di hotel bintang 5 yang nyaman dengan harga yang murah terima viseur,0.9950217008590698,0,[9.993e-01 3.000e-04 4.000e-04],0,[9.99e-01 6.00e-04 5.00e-04],"{'istirahat': 'istirahat', 'nyaman': 'nyaman', 'nikmat': 'nikmat', 'murah': 'murah', 'harga': 'harga', 'kasih': 'viseur', 'tonight': 'tonight'}",0,0,1.2808,,,,,,,,,
sumpah . suka banget . sudah limit nya lama . bonus tixpoint nya luar binasaah . tiket ke jakarta bisa dapat diskon 150 ribu .,0,sumpah Comme banget sudah limit nya lama bonus tixpoint nya luar binasaah tiket ke jakarta bisa dapat diskon 150 ribu,0.9665817022323608,0,[9.989e-01 6.000e-04 6.000e-04],0,[0.9944 0.0035 0.0021],"{'suka': 'Comme', 'nya': 'nya'}",0,0,0.6618,,,,,,,,,
mantap . paling murah dan banyak bonus nya . apa ini bagus banget proses nya cepat saya kasi bintang 5 . aku makin suka kamu .,0,mantap paling murah dan banyak bonus nya apa ini bagus banget proses nya cepat saya kasi bintang 5 aku makin suka kamu,1.0,0,[9.986e-01 3.000e-04 1.100e-03],0,[9.987e-01 3.000e-04 1.000e-03],"{'mantap': 'mantap', 'bintang': 'bintang'}",0,0,0.711,,,,,,,,,
"bisa memilih penerbangan . selain itu , cukup mudah dalam bertransaksi . lengkap aplikasi nya !",0,bisa memilih penerbangan selain itu cukup mudah dalam bertransaksi lengkap aplikasi nya,1.0,0,[9.897e-01 9.400e-03 9.000e-04],0,[9.934e-01 5.800e-03 8.000e-04],{'nya': 'nya'},0,1,0.7169,,,,,,,,,
banyak promo dan aplikasi mudah digunakan . proses sangat cepat . dan juga aplikasi nya bagus dan tidak rumit .,0,banyak promo dan aplikasi mudah digunakan proses sangat cepat dan juga aplikasi nya bagus dan tidak rumit,1.0000001192092896,0,[9.984e-01 9.000e-04 7.000e-04],0,[9.982e-01 1.200e-03 5.000e-04],{'bagus': 'bagus'},0,1,0.7444,,,,,,,,,
"saya suka beli tiket di tiket.com . oke banget , sangat membantu , respon nya cepat . yang pasti sangat memudahkan traveling saya .",0,saya Comme beli tiket di oke très sangat membantu respon nya cepat yang pasti sangat memudahkan traveling saya,0.923025131225586,0,[9.99e-01 5.00e-04 5.00e-04],0,[9.983e-01 1.200e-03 5.000e-04],"{'banget': 'très', 'suka': 'Comme'}",0,1,0.7035,,,,,,,,,
"tiket.com sangat terpercaya . harga murah . lancar , praktis , efektif , dan efisien .",0,sangat terpercaya harga murah lancar praktis efektif dan efisien,0.9725608825683594,0,[0.9956 0.0025 0.0019],0,[0.995  0.0027 0.0023],{'lancar': 'lancar'},0,1,0.6351,,,,,,,,,
sangat puas dengan pelayanan nya tiket . com . selalu bokong tiket pesawat dari sini dan yang bikin nyaman nya kalau ada kslhan nm atau data lain bisa cepat diperbaiki dan tidak bikin ribet . terima kasih .,0,sangat puas dengan pelayanan nya tiket com selalu bokong tiket pesawat dari sini dan yang bikin nyaman nya kalau ada kslhan nm atau data lain bisa cepat réparé dan tidak bikin ribet terima kasih,0.9961777329444884,0,[9.98e-01 7.00e-04 1.40e-03],0,[9.981e-01 1.100e-03 8.000e-04],"{'nya': 'nya', 'diperbaiki': 'réparé', 'bikin': 'bikin', 'pelayanan': 'pelayanan'}",0,0,0.752,,,,,,,,,
saya selalu pesan tiket pesawat maupun kereta di sini . harga lebih murah . berbeda dengan aplikasi lain .,0,saya selalu pesan tiket pesawat maupun kereta di sini harga lebih murah différent dengan aplikasi lain,0.9564281702041626,0,[9.977e-01 1.800e-03 5.000e-04],0,[9.973e-01 2.100e-03 6.000e-04],{'berbeda': 'différent'},0,1,0.6456,,,,,,,,,
"hotel ini adalah salah satu hotel yang wajib dikunjungi kalau buka puasa bareng , tempat nya menarik , mewah , staf nya ramah , makanan nya banyaakk jenis nya , menu nya komplet , dan suasana nya sangat menyenangkan tempat yang sangat indah .",0,hotel ini adalah salah satu hotel yang Obligatoire dikunjungi kalau buka vitamine bareng tempat nya menarik mewah staf nya ramah makanan nya banyaakk jenis nya menu nya komplet dan suasana nya sangat menyenangkan tempat yang sangat belle,0.9679149389266968,0,[9.996e-01 3.000e-04 2.000e-04],0,[9.993e-01 4.000e-04 3.000e-04],"{'puasa': 'vitamine', 'wajib': 'Obligatoire', 'hotel': 'hotel', 'indah': 'belle', 'bareng': 'bareng'}",0,0,0.7559,,,,,,,,,
"saya menginap dua malam bersama keluarga , secara keseluruhan hotel nya sangat bagus , bersih , fasilitas hotel lengkap , breakfast nya pun enak-enak , dan tentunya suasana hotel yang sejuk dan nyaman . cocok untuk pilihan menginap bersama keluarga .",0,saya menginap dua malam bersama famille secara keseluruhan hotel nya sangat bagus bersih fasilitas hotel lengkap breakfast nya pun dan tentunya suasana hotel yang sejuk dan nyaman cocok untuk pilihan menginap bersama famille,0.9467012286186218,0,[9.995e-01 3.000e-04 2.000e-04],0,[9.991e-01 6.000e-04 3.000e-04],"{'keluarga': 'famille', 'hotel': 'hotel', 'nya': 'nya', 'menginap': 'menginap'}",0,1,0.7432,,,,,,,,,
"proses cek in cepat , staf nya ramah dan helpfully . lingkungan hotel sangat asri , sejuk dan tenang . amenities di kamar lengkap . terdapat kampung ramadhan untuk berbuka dengan begitu banyak pilihan makanan yang siap memanjakan lidah . terbaik tempat untuk staf when kamu visi bandung .",0,proses cek in cepat staf nya ramah dan helpfully lingkungan hotel sangat asri sejuk dan tenang amenities di kamar lengkap terdapat kampung ramadhan untuk berbuka dengan begitu banyak pilihan makanan yang siap memanjakan lidah terbaik tempat untuk staf when kamu visi bandung,1.0,0,[9.995e-01 3.000e-04 2.000e-04],0,[9.991e-01 7.000e-04 2.000e-04],"{'bandung': 'bandung', 'terbaik': 'terbaik', 'nya': 'nya', 'cepat': 'cepat', 'helpfully': 'helpfully'}",0,0,0.8314,,,,,,,,,
"kami memakai berenam dan memakai 2 kamar . kamar besar dan bersih . breakfast nya enak , banyak varian nya , dan aneka segar juice . pelayanan sangat baik terutama pelayanan di restoran . sangat memuaskan . rekomendasi !",0,kami memakai berenam dan memakai 2 kamar kamar besar dan bersih breakfast nya enak banyak varian nya dan aneka segar juice pelayanan sangat baik terutama pelayanan di restoran sangat memuaskan rekomendasi,1.0,0,[9.994e-01 3.000e-04 3.000e-04],0,[9.982e-01 1.100e-03 7.000e-04],"{'juice': 'juice', 'nya': 'nya', 'varian': 'varian'}",0,0,0.7256,,,,,,,,,
"melahirkan di rs hermina jatinegara sangat direkomendasikan . fasilitas lengkap , seperti fetotermal , perina , nicu , klinik tumbuh kembang , senam hamil , dan pmo . selain itu , hermina juga sangat pro asi dan imd . ditambah lagi semua kamar itu rooming in dengan bayi nya .",0,melahirkan di rs hermina jatinegara sangat direkomendasikan fasilitas lengkap seperti fetotermal perina nicu klinik tumbuh kembang senam hamil dan pmo selain itu hermina juga sangat pro asi dan imd ditambah lagi semua chambres itu rooming in dengan bayi nya,0.9904550909996032,0,[9.966e-01 3.200e-03 2.000e-04],0,[9.931e-01 6.600e-03 3.000e-04],"{'nya': 'nya', 'asi': 'asi', 'kamar': 'chambres', 'ditambah': 'ditambah', 'fasilitas': 'fasilitas'}",0,1,0.8048,,,,,,,,,
"kalau regis di rs hermina , banyak keuntungan yang didapat pasien . keuntungan nya antara lain kemudahan saat hari h melahirkan . selain itu , banyak juga gratisan nya , seperti gratis senam hamil , gratis kursus prenatal , gratis senam nifas , gratis kursus pijat bayi , dan masih banyak lagi . asik deh pokok nya .",0,kalau regis di rs hermina banyak keuntungan yang didapat pasien keuntungan nya antara lain kemudahan saat hari h melahirkan selain itu banyak juga gratisan nya seperti gratis senam hamil gratis kursus prenatal gratis senam nifas gratis kursus pijat bayi dan masih banyak lagi asik deh arbres nya,0.9922587871551514,0,[9.982e-01 1.500e-03 2.000e-04],0,[9.959e-01 3.900e-03 2.000e-04],"{'asik': 'asik', 'kemudahan': 'kemudahan', 'deh': 'deh', 'keuntungan': 'keuntungan', 'pokok': 'arbres'}",0,1,0.8561,,,,,,,,,
"menurut ku , rumah sakit harapan kita itu rekomendasi . selain bisa rooming , suster nya juga membantu . soal biaya tidak usah khawatir karena pasti terjangkau .",0,menurut ku rumah sakit harapan kita itu rekomendasi selain bisa rooming suster nya juga membantu soal biaya tidak usah khawatir karena pasti terjangkau,1.0,0,[9.991e-01 7.000e-04 3.000e-04],0,[9.989e-01 8.000e-04 3.000e-04],"{'biaya': 'biaya', 'terjangkau': 'terjangkau'}",0,1,0.6958,,,,,,,,,
"asik banget pakai traveloka , diskon hotel sampai satu jutaan ! kita bisa langsung cek promo kemerdekaan . banyak harga spesial hotel untuk berbagai hotel di dalam negeri . seneng deh .",0,asik banget utilisation voyageoka diskon hotel sampai satu jutaan kita bisa langsung cek promo kemerdekaan banyak harga spesial hotel untuk berbagai hotel di dalam negeri heureux deh,0.9731135368347168,0,[9.989e-01 9.000e-04 2.000e-04],0,[9.947e-01 5.000e-03 3.000e-04],"{'seneng': 'heureux', 'pakai': 'utilisation', 'traveloka': 'voyageoka'}",0,1,0.7149,,,,,,,,,
"kalau belanja di blibli.com tidak usah ragu . pertama , kita bisa leluasa memilih produk tanpa takut privasi kita terganggu . selain itu , kita juga dapat fasilitas pengiriman yang cepat dan gratis . bisa sambil sadar emat uang dan tenaga .",0,kalau belanja di tidak usah ragu pertama kita bisa leluasa memilih produit tanpa takut privasi kita terganggu selain itu kita juga dapat fasilitas pengiriman yang cepat dan gratis bisa sambil sadar emat uang dan tenaga,0.9874901175498962,0,[9.982e-01 1.400e-03 4.000e-04],0,[9.976e-01 1.800e-03 6.000e-04],"{'ragu': 'ragu', 'privasi': 'privasi', 'produk': 'produit'}",0,1,0.7691,,,,,,,,,
saya dukung ahok itu tidak ada hubungan nya dengan etnis dia atau agama ahok . bahkan saya tak tahu agama dia apa . saya dukung ahok karena saya suka fenomena baru dalam pemerintahan yang inovatif bersih dan banyak terobosan terobosan yang ia kerjakan dalam membangun pemerintahan .,0,saya dukung ahok itu tidak ada hubungan nya dengan etnis dia atau agama ahok bahkan saya tak tahu agama dia apa saya dukung ahok karena saya Comme fenomena baru dalam pemerintahan yang inovatif bersih dan banyak percee percee yang ia kerjakan dalam membangun pemerintahan,0.9897239804267884,0,[9.909e-01 8.000e-04 8.300e-03],0,[0.9794 0.0021 0.0185],"{'etnis': 'etnis', 'suka': 'Comme', 'inovatif': 'inovatif', 'terobosan': 'percee'}",0,0,0.835,,,,,,,,,
"spasi bambang , jangan suka mengkafirkan sesama muslim . lu bukan malaikat tanpa dosa . beda pilihan , beda pemahaman , oke itu hak lu . tetapi tidak harus mejelek - mejelekin orang lain juga . tidak suka cara lo yang kayak gini .",2,spasi bambang jangan Comme mengkafirkan sesama muslim lu bukan malaikat tanpa dosa beda pilihan beda pemahaman oke itu goutte lu tetapi tidak harus mejelek mejelekin orang lain juga tidak Comme cara lo yang kayak gini,0.9695813059806824,2,[2.500e-03 6.000e-04 9.969e-01],2,[0.0024 0.001  0.9966],"{'suka': 'Comme', 'gini': 'gini', 'hak': 'goutte', 'lu': 'lu'}",2,0,0.7592,,,,,,,,,
"suka banget sama siti nurhaliza . suara nya , wajah nya , attitude nya , sempurna ! kayak nya cuma dia penyanyi yang tidak ada haters nya . paling suka dulu pas dia rilis album transkripsi , lupa tahun berapa , lagu-lagu nya semua jadi favorit ku . semoga bisa duet sama di dalam album !",0,suka banget sama siti nurhaliza suara nya wajah nya attitude nya sempurna kayak nya cuma dia penyanyi yang tidak ada haters nya paling suka dulu pas dia rilis album transkripsi lupa tahun berapa nya semua jadi favorit ku semoga bisa duet sama di dalam album,0.9986352920532228,0,[9.992e-01 4.000e-04 4.000e-04],0,[9.991e-01 5.000e-04 4.000e-04],"{'favorit': 'favorit', 'haters': 'haters', 'pas': 'pas', 'semoga': 'semoga', 'album': 'album'}",0,0,0.8792,,,,,,,,,
"kata dosen ku budaya korea itu kalau ada orang yang sudah baik sama mereka walaupun cuma sekali , mereka bakal balas kebaikan itu lebih banyak . maka dari itu mereka kalau memberi itu suka tidak muluk-muluk . seneng deh sama mereka .",0,kata dosen ku budaya korea itu kalau ada orang yang sudah baik sama mereka walaupun cuma sekali mereka bakal balas kebaikan itu lebih banyak maka dari itu mereka kalau memberi itu suka tidak seneng deh sama mereka,0.998351752758026,0,[0.9975 0.0012 0.0012],2,[0.0053 0.0012 0.9935],{},2,0,0.7625,,,,,,,,,
foto aku cuma modal kamera xiaomi : tetapi tetap suka !,0,foto aku cuma modal kamera xiaomi tetapi tetap Comme,0.9354450702667236,0,[0.9578 0.0371 0.005 ],0,[0.7524 0.2412 0.0064],{'suka': 'Comme'},0,0,0.6475,,,,,,,,,
"xiaomi ram - nya mantap , baterai awet juga . kamera depan nya juga lumayan . tidak menyesal beli ini .",0,xiaomi ram nya mantap baterai awet juga kamera depan nya juga lumayan tidak menyesal beli ini,1.0,0,[9.993e-01 3.000e-04 4.000e-04],0,[9.992e-01 4.000e-04 4.000e-04],"{'menyesal': 'menyesal', 'awet': 'awet'}",0,1,0.6515,,,,,,,,,
"xiaomi . karena gue pakai xiaomi sekarang , sebelumnya oppo f1 . lebih suka xiaomi saja , baterai nya kuat . gue puas banget sih dengan xiaomi .",0,xiaomi karena gue pakai xiaomi sekarang sebelumnya oppo f1 lebih suka xiaomi saja baterai nya kuat gue puas très sih dengan xiaomi,0.992135763168335,0,[9.986e-01 4.000e-04 1.000e-03],0,[9.984e-01 6.000e-04 1.000e-03],"{'xiaomi': 'xiaomi', 'banget': 'très', 'sih': 'sih'}",0,1,0.6767,,,,,,,,,
"temen gue telepon genggam nya xiaomi yang 2 juta saja masih kembali . pas gue tanya kenapa dia beli itu padahal bisa saja di beli iphone , dia jawab karena dia suka karena spek nya . melebih iphone yang lo pandang ricuh itu .",0,"temen gue telepon genggam nya xiaomi yang 2 juta saja masih kembali . pas gue tanya kenapa dia beli itu padahal bisa saja di beli iphone , dia jawab karena dia suka karena spek nya . melebih iphone yang lo pandang ricuh itu .",1.0,2,[0.0189 0.0072 0.9739],2,[0.0189 0.0072 0.9739],,1,1,0.2,,,,,,,,,
"yang paling saya suka dari adalah . trully open source , sampai disediakan forum khusus . itu bikin nyaman banget , sih .",0,yang paling saya suka dari adalah trully open source sampai disediakan forum khusus itu bikin nyaman banget sih,1.0000001192092896,0,[9.992e-01 5.000e-04 3.000e-04],0,[9.991e-01 6.000e-04 3.000e-04],"{'sih': 'sih', 'trully': 'trully'}",0,0,0.6623,,,,,,,,,
agak nya xiaomi tidak main-main mau masuk pasar ponsel global . mantap ! saya selalu suka miui mereka : d,0,agak nya xiaomi tidak mau masuk pasar ponsel global mantap saya selalu Comme miui mereka d,0.9716591835021972,0,[9.989e-01 6.000e-04 5.000e-04],2,[0.12   0.0859 0.7941],"{'suka': 'Comme', 'miui': 'miui'}",2,0,0.6384,,,,,,,,,
tidak dapat apple aku tidak kecewa kok . yang penting samsung galaxy grand sudah di tangan ku sekarang . aku senang .,0,tidak dapat apple aku tidak kecewa kok yang penting samsung galaxy grand sudah di tangan ku sekarang aku senang,1.0000001192092896,0,[0.9945 0.0025 0.003 ],0,[0.993  0.0035 0.0035],{'senang': 'senang'},0,1,0.6747,,,,,,,,,
"terima kasih bapak presiden jokowi sudah hadir dan menginap di tengah-tengah kami warga lombok utara , kehadiran bapak menambah semangat kami untuk bangkit lagi",0,terima kasih bapak presiden jokowi sudah hadir dan menginap di kami habitant lombok utara kehadiran bapak ajouter semangat kami untuk bangkit lagi,0.9614543914794922,0,[9.906e-01 8.800e-03 7.000e-04],0,[9.845e-01 1.490e-02 6.000e-04],"{'warga': 'habitant', 'menambah': 'ajouter'}",0,0,0.6645,,,,,,,,,
ketersediaan air adalah kunci ketahanan pangan kita . karena itulah pemerintah telah membangun 65 bendungan yang akan menjamin produksi pangan kita di masa depan . terima kasih pak !,0,ketersediaan air adalah kunci ketahanan pangan kita karena itulah pemerintah telah membangun 65 bendungan yang akan menjamin produksi pangan kita di masa depan terima kasih pak,1.0,0,[0.994  0.0044 0.0017],0,[0.99   0.0088 0.0012],"{'bendungan': 'bendungan', 'membangun': 'membangun'}",0,0,0.7249,,,,,,,,,
terima kasih bang atas apresiasi nya . semoga pak cepat menemui wakil kami korban phk sepihak freeport . bila perlu pak presiden agar masalah kami terselesaikan .,0,terima kasih bang atas apresiasi nya semoga pak cepat menemui wakil kami korban phk sepihak freeport bila perlu pak presiden agar masalah kami terselesaikan,1.0000001192092896,0,[0.8319 0.1199 0.0483],0,[0.6759 0.2723 0.0518],"{'apresiasi': 'apresiasi', 'presiden': 'presiden'}",0,1,0.6966,,,,,,,,,
masyarakat papua dipastikan akan mendukung memilih jokowi saat pilpres 2019 karena masyarakat papua merasakan hasil pembangunan yang dicapai di era terima kasih pak,0,masyarakat papua dipastikan akan mendukung memilih jokowi saat pilpres 2019 karena masyarakat papua merasakan hasil pembangunan yang dicapai di era terima viseur pak,0.984649419784546,0,[9.966e-01 2.800e-03 6.000e-04],0,[9.954e-01 4.000e-03 6.000e-04],"{'kasih': 'viseur', 'terima': 'terima', 'jokowi': 'jokowi'}",0,0,0.6721,,,,,,,,,
"beliau cinta rakyat , di cinta rakyat merakyat . terima kasih pak",0,beliau cinta rakyat di cinta rakyat merakyat terima kasih pak,1.0,0,[9.989e-01 5.000e-04 6.000e-04],0,[9.99e-01 5.00e-04 5.00e-04],{'merakyat': 'merakyat'},0,0,0.6529,,,,,,,,,
semoga bapak selalu sehat . semoga bapak bisa melanjutkan dua periode . amin . saya mendukung bapak .,0,semoga bapak selalu sehat semoga bapak bisa melanjutkan dua periode amin saya mendukung bapak,1.0,0,[0.9802 0.0184 0.0014],0,[0.9882 0.0103 0.0015],{'periode': 'periode'},0,1,0.6463,,,,,,,,,
terima kasih kepada anies baswedan dan diego uno atas komitmen nya untuk tidak meninggalkan jabatan gubernur dan wakil gubernur selama 5 tahun . saya bangga memilih kalian .,0,terima kasih kepada anies baswedan dan diego uno atas komitmen nya untuk tidak meninggalkan jabatan gubernur dan wakil gubernur selama 5 tahun saya féroce memilih kalian,0.9926570057868958,0,[9.931e-01 6.000e-03 9.000e-04],0,[0.9886 0.01   0.0013],"{'memilih': 'memilih', 'bangga': 'féroce', 'nya': 'nya'}",0,1,0.6781,,,,,,,,,
karya-karya seperti itu layak menempati lokasi yang premium . indah dan klasik . saya suka . terima kasih pak anies,0,seperti itu layak menempati lokasi yang premium indah dan klasik saya Comme terima kasih pak anies,0.9447932243347168,0,[9.988e-01 6.000e-04 6.000e-04],0,[9.982e-01 1.000e-03 7.000e-04],"{'suka': 'Comme', 'anies': 'anies'}",0,0,0.6341,,,,,,,,,
bagus dong pak . terima kasih sudah bergabung . alhamdulillah . sukses selalu,0,bagus dong pak terima kasih sudah bergabung alhamdulillah sukses selalu,1.0,0,[0.9962 0.0023 0.0015],0,[0.9934 0.0051 0.0015],{'bagus': 'bagus'},0,1,0.644,,,,,,,,,
terima kasih pak anies . sukses untuk anda . baru kali ini lihat trotoar jakarta yang lebar nya melebihi lapangan badminton . keren pak .,0,terima kasih pak anies sukses untuk anda baru kali ini lihat trotoar jakarta yang lebar nya melebihi lapangan badminton keren pak,1.0,0,[9.984e-01 9.000e-04 6.000e-04],0,[9.983e-01 1.100e-03 6.000e-04],"{'keren': 'keren', 'trotoar': 'trotoar'}",0,1,0.6639,,,,,,,,,
doa kami untuk mu bapak anies . semoga allah ridho engkau sukses bersama pak prabowo ri1 ri,0,doa kami untuk mu bapak anies semoga allah bénédiction engkau sukses bersama pak prabowo ri1 ri,0.9797381162643432,0,[0.958  0.0392 0.0028],0,[0.9126 0.0838 0.0036],"{'sukses': 'sukses', 'ridho': 'bénédiction'}",0,0,0.6428,,,,,,,,,
terima kasih untuk buah karya mu di jakarta yang jadi sejuk santun bersama pak sandi juga pak anies,0,terima kasih untuk buah karya tonne di Jakarta yang jadi sejuk santun bersama pak sandi juga pak anies,0.9743835926055908,0,[0.99   0.0084 0.0016],0,[9.923e-01 6.900e-03 9.000e-04],"{'mu': 'tonne', 'jakarta': 'Jakarta'}",0,0,0.6645,,,,,,,,,
gue paling suka pakai susu ultra yang lowfat . sumpah sih enak banget banget . malah gue cuma bisa menghabiskan indomie rebus kalau kuah nya diganti susu,0,gue paling suka pakai susu ultra yang lowfat sumpah sih enak banget banget malah gue cuma bisa menghabiskan indomie rebus kalau kuah nya diganti susu,1.0000001192092896,0,[0.9784 0.0027 0.019 ],0,[0.9911 0.0015 0.0074],"{'susu': 'susu', 'enak': 'enak'}",0,1,0.676,,,,,,,,,
"kenapa aku kok suka banget sama yang nama nya mi . apalagi mi indomie goreng dikasih kuah telur , berh ! rasanya mantap tjoy . pangsit di depan rumah gue aja kalah enak sama mi buatan aku sendiri .",0,kenapa aku kok Comme très sama yang nama nya mi apalagi mi indomie goreng dikasih kuah telur berh rasanya mantap tjoy pangsit di depan rumah gue aja kalah enak sama mi buatan aku sendiri,0.9816884398460388,0,[9.959e-01 7.000e-04 3.400e-03],0,[0.9308 0.0022 0.067 ],"{'mantap': 'mantap', 'suka': 'Comme', 'nya': 'nya', 'banget': 'très'}",0,0,0.7533,,,,,,,,,
"sebenarnya lebih suka kari ayam sih kak , hehehe . tapi kalau label nya sudah indomie , apa saja masuk kok ke perut ku . karena aku penggemar berat indomie .",0,sebenarnya lebih suka kari ayam sih kak hehehe tapi kalau label nya sudah indomie apa saja masuk kok ke perut ku karena aku penggemar lour indomie,0.9960500597953796,0,[9.966e-01 2.500e-03 9.000e-04],0,[0.9908 0.0078 0.0014],"{'penggemar': 'penggemar', 'berat': 'lour', 'perut': 'perut'}",0,1,0.6972,,,,,,,,,
"iya enak banget soal nya ; iya dong indomie mah teh terbaik . iya , lalu aku juga tidak suka orang yang padahal jelas-jelas dia salah dan harus nya minta maaf , tapi adem ayem saja sedangkan aku nya sudah menderita .",0,"iya enak banget soal nya ; iya dong indomie mah teh terbaik . iya , lalu aku juga tidak suka orang yang padahal jelas-jelas dia salah dan harus nya minta maaf , tapi adem ayem saja sedangkan aku nya sudah menderita .",1.0,2,[1.620e-02 6.000e-04 9.832e-01],2,[1.620e-02 6.000e-04 9.832e-01],,0,0,0.2,,,,,,,,,
"yang terhormat , saya suka banget sama indomie . mau minta boleh tidak . inovasiin bungkus minyak nya biar gampang dibuka pakai tangan dong supaya tidak bleweran ketika tidak ada gunting . terima kasih .",0,yang terhormat saya suka très sama indomie mau minta boleh tidak inovasiin bungkus minyak nya biar gampang dibuka pakai tangan dong supaya tidak bleweran ketika tidak ada gunting terima viseur,0.9829114675521852,0,[0.9157 0.0699 0.0144],1,[0.3285 0.5747 0.0968],"{'banget': 'très', 'kasih': 'viseur', 'nya': 'nya'}",0,1,0.7094,,,,,,,,,
yang saya suka dari chitato indomie . konsistensi mereka meng - eksplore rasa lokal . kesan nya indonesia banget .,0,yang saya Comme dari chitato indomie konsistensi mereka meng eksplore rasa lokal kesan nya indonesia très,0.9103507995605468,0,[9.991e-01 6.000e-04 4.000e-04],0,[9.979e-01 1.600e-03 5.000e-04],"{'banget': 'très', 'suka': 'Comme'}",0,0,0.6404,,,,,,,,,
asus bagus . speaker - nya kencang kalau buat presentasi mayan . maka dari itu aku lebih milih asus dibanding yang lain .,0,asus bagus speaker nya kencang kalau buat presentasi mayan maka dari itu aku lebih milih asus dibanding yang lain,1.0000001192092896,0,[9.99e-01 4.00e-04 6.00e-04],0,[9.985e-01 6.000e-04 9.000e-04],"{'mayan': 'mayan', 'speaker': 'speaker'}",0,1,0.6588,,,,,,,,,
"xiaomi redmi note 5 atau asus zenfone max pro m1 saja 2,5 jutaan . sudah pakai snapdragon636 , batre gede , update os terjamin , kamera bagus .",0,xiaomi redmi note 5 atau asus zenfone max pro m1 saja jutaan sudah pakai snapdragon636 batre gede update os terjamin kamera bagus,0.9927370548248292,0,[0.8805 0.1179 0.0015],0,[0.5819 0.4131 0.005 ],"{'pro': 'pro', 'os': 'os', 'gede': 'gede'}",1,1,0.6628,,,,,,,,,
"kalau mau minum kopi , datangkan journey kopi records . ini kedai kopi anak musik banget . jualan kaset tape , cd , sampai vinyl ! yang punya juga paham sekali musik . kopi nya enak pol . teh terbaik !",0,kalau mau minum kopi datangkan journey kopi records ini kedai kopi anak musique très jualan kaset tape cd sampai vinyl yang punya juga paham sekali musique kopi nya enak pol teh terbaik,0.9655014276504515,0,[9.993e-01 4.000e-04 2.000e-04],0,[9.986e-01 1.100e-03 3.000e-04],"{'banget': 'très', 'kopi': 'kopi', 'musik': 'musique', 'pol': 'pol'}",0,0,0.7269,,,,,,,,,
"aku lagi makan mangga potong ! aku suka banget buah mangga , besok kalau kepasar mau beli banyak-banyak lagi ah .",0,aku lagi makan mangga potong aku suka banget buah mangga demain kalau kepasar mau beli lagi ah,0.9728132486343384,0,[0.4448 0.1793 0.3759],0,[0.9966 0.0024 0.001 ],"{'mangga': 'mangga', 'besok': 'demain'}",0,1,0.6466,,,,,,,,,
"jaemin itu soft banget hati nya . mudah tersentuh begitu , sayang banget sama nctzen juga . inti nya dia itu suka sama yang nama nya kasih sayang . itu kenapa aku suka banget sama dia .",0,jaemin itu soft banget hati nya mudah tersentuh begitu sayang banget sama nctzen juga inti nya dia itu Comme sama yang nama nya kasih sayang itu kenapa aku Comme banget sama dia,0.978776752948761,0,[9.985e-01 6.000e-04 9.000e-04],0,[0.9974 0.001  0.0016],"{'suka': 'Comme', 'jaemin': 'jaemin', 'tersentuh': 'tersentuh'}",0,1,0.7145,,,,,,,,,
"ingin rekomendasi saja buat yang tertarik kuliner bandung , bacang yang ada di jalan naripan sebelah hotel ibis styles ibis yang warna hijau . sungguh , seenak itu ! buka dari jam 5 sore sampai jam 3 dinihari kalau belum sekali . harga 8 ribu . cocok buat ajak orang tersayang nya .",0,ingin rekomendasi saja buat yang tertarik culinaire bandung bacang yang ada di jalan naripan sebelah hotel ibis styles ibis yang warna hijau sungguh seenak itu buka dari jam 5 sore sampai jam 3 dinihari kalau belum sekali harga 8 ribu cocok buat ajak orang tersayang nya,0.9876801371574402,0,[9.99e-01 6.00e-04 3.00e-04],0,[9.976e-01 1.900e-03 5.000e-04],"{'nya': 'nya', 'seenak': 'seenak', 'sungguh': 'sungguh', 'cocok': 'cocok', 'kuliner': 'culinaire', 'styles': 'styles'}",0,1,0.8421,,,,,,,,,
"kuliner pertama yang harus dicoba itu ketan jompo . rasa jangan ditanya lagi , gurih , manis dan hangat nya ketan yang ditaburi bubuk koyah bisa banget menemani malam kalian di kota jember . harga nya juga murah , cuma tiga ribu . suka banget .",0,kuliner pertama yang harus dicoba itu ketan jompo rasa jangan ditanya lagi gurih manis dan hangat nya ketan yang ditaburi bubuk koyah bisa très menemani malam kalian di kota jember harga nya juga murah cuma tiga ribu suka très,0.9811944365501404,0,[9.995e-01 3.000e-04 3.000e-04],0,[9.99e-01 7.00e-04 3.00e-04],"{'banget': 'très', 'nya': 'nya', 'hangat': 'hangat'}",0,1,0.781,,,,,,,,,
di jember itu ada tempat makan enak . nama nya warung bakaran mbak vivi . makanan nya enak-enak . bakaran nya itu pas banget matang nya . dan yang paling penting nya harga nya murah sekali untuk makanan seenak itu .,0,di jember itu ada tempat makan enak nama nya warung bakaran mbak vivi makanan nya bakaran nya itu pas banget matang nya dan yang paling penting nya harga nya murah sekali untuk makanan seenak itu,0.9977805018424988,0,[9.992e-01 3.000e-04 5.000e-04],0,[9.991e-01 5.000e-04 4.000e-04],"{'jember': 'jember', 'enak': 'enak', 'seenak': 'seenak', 'bakaran': 'bakaran'}",0,0,0.7346,,,,,,,,,
"gue baru pertama kali ke tempat makan nama nya ayam rempah jember . rasanya bisa diadu sama makanan-makanan enak kelas atas . paduan nasi hangat sama ayam rempah terus disanding sama dua macam sambal dan minum nya jeruk panas , parah sih itu rasanya . ketagihan . bikin ingin lagi dan lagi dan lagi .",0,gue baru pertama kali ke tempat makan nama nya ayam rempah jember rasanya bisa diadu sama enak kelas atas paduan nasi hangat sama ayam rempah terus disanding sama dua macam sambal dan minum nya jeruk panas parah sih itu rasanya ketagihan bikin ingin lagi dan lagi dan lagi,0.998454749584198,0,[9.93e-01 7.00e-04 6.30e-03],0,[9.989e-01 4.000e-04 7.000e-04],"{'ketagihan': 'ketagihan', 'jember': 'jember', 'paduan': 'paduan', 'enak': 'enak', 'sambal': 'sambal'}",0,0,0.8483,,,,,,,,,
di jember ada juga makanan nama nya tahu telur bangka . waktu itu belum pernah nyobain makanan yang begituan . eh sekali nya mencoba gue langsung jatuh cinta . top !,0,di jember ada juga makanan nama nya tahu telur bangka waktu itu belum pernah nyobain makanan yang begituan eh sekali nya mencoba gue langsung jatuh cinta top,1.0000001192092896,0,[9.989e-01 4.000e-04 7.000e-04],0,[9.986e-01 6.000e-04 7.000e-04],"{'top': 'top', 'jember': 'jember', 'nya': 'nya'}",0,0,0.6892,,,,,,,,,
pujasera okm semanggi itu salah satu tempat makan yang lagi populer di jember . asik banget buat nongkrong . wifi - nya juga kencang . kayak nya sih bakal sering-sering ke sana .,0,pujasera okm semanggi itu salah satu tempat makan yang lagi populer di jember asik banget buat nongkrong wifi nya juga kencang kayak nya sih bakal ke sana,0.9981435537338256,0,[9.992e-01 6.000e-04 2.000e-04],0,[9.991e-01 7.000e-04 2.000e-04],"{'asik': 'asik', 'nya': 'nya', 'populer': 'populer'}",0,1,0.6924,,,,,,,,,
haha . yang baru-baru sih sudah tidak begitu terlihat absurd nya . yang rog baru malah logo mata doang keren jadi nya . lenovo legion yang baru malah lebih-lebih lagi elegan nya . kalau saya pribadi sih suka .,0,haha yang sih sudah tidak begitu terlihat absurd nya yang rog baru malah logo mata doang keren jadi nya lenovo legion yang baru malah lagi elegan nya kalau saya pribadi sih Comme,0.986792802810669,0,[9.956e-01 4.000e-04 4.000e-03],0,[0.9715 0.0071 0.0214],"{'suka': 'Comme', 'sih': 'sih', 'keren': 'keren'}",0,0,0.7253,,,,,,,,,
"buat gue kece banget lenovo itu . saking kece nya , layar laptop lenovo yoga 920 bisa ditekuk 360 derajat ! keren banget . memang benar sih , kadang different adalah lebih baik .",0,buat gue kece banget lenovo itu saking kece nya layar laptop lenovo yoga 920 bisa ditekuk 360 derajat keren banget memang benar sih kadang different adalah lebih baik,1.0,0,[9.984e-01 7.000e-04 9.000e-04],0,[9.981e-01 9.000e-04 1.000e-03],"{'different': 'different', 'ditekuk': 'ditekuk', 'layar': 'layar'}",0,1,0.7175,,,,,,,,,
"ultra milk ini luv banget ya . sekali nya ngeluarin flavor baru , dua-dua nya favorit ku . tapi ku lebih sayang sama yang karamel sih .",0,ultra milk ini amour banget ya sekali nya ngeluarin flavor baru nya favorit ku tapi ku lebih sayang sama yang karamel sih,0.9883503913879396,0,[9.986e-01 9.000e-04 5.000e-04],0,[0.9966 0.0017 0.0018],"{'luv': 'amour', 'ultra': 'ultra', 'milk': 'milk'}",0,0,0.6667,,,,,,,,,
big cola itu enak banget . aku suka . dia tidak jauh beda enak nya dengan minuman cola lain . ditambah dia itu harga nya lebih murah . luv banget buat orang yang suka cola kayak aku .,0,big cola itu enak très aku suka dia tidak jauh beda enak nya dengan minuman cola lain ditambah dia itu harga nya lebih murah luv très buat orang yang suka cola kayak aku,0.984795868396759,0,[9.988e-01 3.000e-04 9.000e-04],0,[9.99e-01 3.00e-04 8.00e-04],"{'banget': 'très', 'harga': 'harga', 'ditambah': 'ditambah', 'big': 'big'}",0,0,0.7371,,,,,,,,,
"dulu saya haus , setelah ke indomaret dan membeli big cola haus saya hilang , gila rasanya enak banget . sejak saat itu jadi keterusan suka minumkan big cola .",0,dulu saya haus setelah ke indomaret dan membeli big cola haus saya hilang gila rasanya enak banget sejak saat itu jadi transmissivité Comme minumkan big cola,0.9826663732528688,0,[0.9953 0.0015 0.0032],0,[0.9941 0.0049 0.001 ],"{'suka': 'Comme', 'haus': 'haus', 'keterusan': 'transmissivité'}",0,1,0.7053,,,,,,,,,
"bca keren banget sih pelayanan nya . selain itu , dia mikirin karyawan nya banget . setiap hari saja karyawan nya dapat cemilan popcorn . salut sama pemimpinan nya . bukan cuma mikirin kenyamanan pelanggan , tapi juga karyawan .",0,bca keren banget sih pelayanan nya selain itu dia mikirin karyawan nya banget setiap hari saja karyawan nya dapat cemilan popcorn salut sama pemimpinan nya bukan cuma mikirin kenyamanan pelanggan tapi juga karyawan,1.0,0,[9.991e-01 3.000e-04 6.000e-04],0,[9.991e-01 4.000e-04 5.000e-04],"{'keren': 'keren', 'kenyamanan': 'kenyamanan', 'karyawan': 'karyawan', 'cemilan': 'cemilan'}",0,0,0.726,,,,,,,,,
sumpah big cola jauh banget lebih enak daripada coca cola ! tidak terlalu manis dan tidak menyisakan pait di mulut seperti coke zero . wkwk norak ya gue baru mencoba . tapi asli enak banget .,0,sumpah big cola jauh banget lebih enak daripada coca cola tidak terlalu manis dan tidak menyisakan pait di mulut seperti coke zero wkwk norak oui gue baru mencoba tapi original enak banget,0.983098030090332,0,[9.402e-01 8.000e-04 5.900e-02],0,[0.7867 0.001  0.2123],"{'enak': 'enak', 'asli': 'original', 'mencoba': 'mencoba', 'ya': 'oui'}",2,0,0.7244,,,,,,,,,
aku sayang banget sama susu ultramilk . rasanya tiap ke indomaret tidak pernah tidak beli susu itu . enak . ketagihan .,0,aku sayang banget sama susu ultramilk rasanya tiap ke indomaret tidak pernah tidak beli susu itu enak ketagihan,1.0000001192092896,0,[9.99e-01 5.00e-04 6.00e-04],0,[9.991e-01 4.000e-04 5.000e-04],{'ultramilk': 'ultramilk'},0,0,0.6499,,,,,,,,,
oppo f7 menurut gue mantap banget sih . mulai dari kamera depan nya yang bersih . terus layar nya penuh display pakai gorilla glass 5 . lalu kamera belakang nya naik tingkat banget dari yang sebelumnya . tidak menyesal gue beli ini hp .,0,oppo f7 menurut gue mantap banget sih mulai dari kamera depan nya yang bersih terus layar nya penuh display pakai gorilla glass 5 lalu kamera belakang nya naik tingkat banget dari yang sebelumnya tidak menyesal gue beli ini hp,1.0000001192092896,0,[9.99e-01 4.00e-04 6.00e-04],0,[9.989e-01 4.000e-04 6.000e-04],"{'menyesal': 'menyesal', 'hp': 'hp', 'mantap': 'mantap', 'nya': 'nya', 'kamera': 'kamera'}",0,0,0.7773,,,,,,,,,
sarapan nya enak dan pilihan nya lumayan banyak . kamar baik . ac - nya juga dingin . hotel aston gue rekomendasikan sih buat kalian-kalian yang mau menginap di hotel .,0,sarapan nya enak dan pilihan nya lumayan banyak kamar baik ac nya juga dingin hotel aston gue recommandeur sih buat yang mau menginap di hotel,0.9915302991867064,0,[9.99e-01 5.00e-04 5.00e-04],0,[9.993e-01 4.000e-04 3.000e-04],"{'rekomendasikan': 'recommandeur', 'enak': 'enak', 'aston': 'aston'}",0,0,0.6819,,,,,,,,,
"ini , ya , menurut gue tentang hotel aston itu , pertama staf hotel tanggap , cepat dan ramah . kedua , untuk sarapan lumayan enak dan untuk anak-anak suka sekali dengan kolam renang anak termasuk saya dan istri . ketiga yang pasti bersih .",0,ini ya menurut gue tentang hotel aston itu pertama staf hotel tanggap cepat dan ramah kedua untuk sarapan lumayan enak dan untuk Comme sekali dengan kolam renang anak termasuk saya dan istri ketiga yang pasti bersih,0.9928155541419984,0,[9.991e-01 5.000e-04 3.000e-04],0,[9.99e-01 7.00e-04 3.00e-04],"{'bersih': 'bersih', 'suka': 'Comme', 'ketiga': 'ketiga'}",0,0,0.7545,,,,,,,,,
kolam renang di hotel aston bikin tidak mau berenti berenang . nyaman banget . air nya bersih . tempat bilas nya nyaman .,0,kolam renang di hotel aston bikin tidak mau berenti berenang nyaman banget air nya bersih tempat bilas nya nyaman,1.0,0,[9.993e-01 4.000e-04 3.000e-04],0,[9.992e-01 4.000e-04 3.000e-04],"{'nyaman': 'nyaman', 'air': 'air', 'renang': 'renang'}",0,1,0.6646,,,,,,,,,
wah keren ya persiapan bni . saya juga mendukung . semoga bisa berjalan lancar .,0,wah keren ya persiapan bni saya juga mendukung semoga bisa berjalan lancar,1.0000001192092896,0,[9.978e-01 1.600e-03 6.000e-04],0,[9.966e-01 2.800e-03 6.000e-04],{'persiapan': 'persiapan'},0,1,0.6399,,,,,,,,,
lebih enak lagi kalau nasi padang oreo momogi chocolatos . terus semua itu di campur di aduk pakai tangan ? baru dimakan . enak banget .,0,lebih enak lagi kalau nasi padang oreo momogi chocolatos terus semua itu di campur di aduk pakai tangan baru dimakan enak banget,1.0,0,[9.976e-01 1.800e-03 6.000e-04],0,[9.97e-01 2.50e-03 5.00e-04],"{'enak': 'enak', 'padang': 'padang'}",0,1,0.6735,,,,,,,,,
sudah lama tidak minum ultra milk rasa stroberi . pas sekarang minum merasa enak sekali tidak tahu kenapa . ketagihan . rasanya ingin beli sekardus gede buat diminum sendiri .,0,sudah lama tidak minum ultra milk rasa stroberi pas sekarang minum merasa enak sekali tidak tahu kenapa ketagihan rasanya ingin beli sekardus gede buat diminum sendiri,1.0,0,[0.7939 0.0116 0.1944],0,[0.9877 0.0056 0.0067],"{'sekardus': 'sekardus', 'enak': 'enak'}",0,1,0.6985,,,,,,,,,
"go jek makin sini makin keren deh . semoga makin baik ya dalam pelayanan dan aplikasi nya ya go car , go jek , dan go go lainnya . chiiiiirrs .",0,go jek makin sini makin keren deh semoga makin baik ya dalam pelayanan dan aplikasi nya ya go car go jek dan go go lainnya chiiiiirrs,1.0000001192092896,0,[9.955e-01 3.700e-03 8.000e-04],0,[9.943e-01 4.900e-03 8.000e-04],"{'chiiiiirrs': 'chiiiiirrs', 'keren': 'keren', 'deh': 'deh'}",0,1,0.6858,,,,,,,,,
"go jek . kalian harus tetap ada , karena kami bukan sekadar butuh angkutan . kami juga butuh pelayanan yang prima seperti biasanya . saya sangat mendukung kalian .",0,go jek kalian harus tetap ada karena kami bukan sekadar besoin angkutan kami juga besoin pelayanan yang prima seperti biasanya saya sangat mendukung kalian,0.9229280352592468,0,[0.9967 0.0021 0.0012],0,[0.9961 0.0028 0.0011],{'butuh': 'besoin'},0,1,0.6688,,,,,,,,,
saya senang di bali bagus pelayanan go-jek - nya . sangat terbantu dengan keberadaan nya . memang harus ada terus supaya pelayanan nya semakin memuaskan .,0,saya senang di bali bagus pelayanan nya sangat terbantu dengan existence nya memang harus ada terus supaya pelayanan nya semakin memuaskan,0.9798471927642822,0,[9.987e-01 5.000e-04 8.000e-04],0,[9.984e-01 6.000e-04 1.100e-03],"{'terbantu': 'terbantu', 'keberadaan': 'existence'}",0,1,0.6648,,,,,,,,,
kalau driver go jek tidak pelayanan prima meminta bungkus acar untuk mengambil saos tambahan hilang nafsu makan saya . bravo driver go jek .,0,kalau driver go jek tidak pelayanan prima meminta bungkus acar untuk mengambil saos tambahan hilang nafsu makan saya . bravo driver go jek .,1.0,2,[0.0998 0.009  0.8912],2,[0.0998 0.009  0.8912],,2,2,0.19,,,,,,,,,
banyak alasan saya bisa merasa puas dengan pelayanan go jek . go jek tidak pernah lepas dari tanggung jawab . itu adalah nilai plus yang belum tentu dimiliki oleh perusahaan yang lain .,0,banyak alasan saya bisa merasa puas dengan pelayanan go jack go jack tidak pernah lepas dari tanggung jawab itu adalah nilai plus yang belum tentu dimiliki oleh perusahaan yang lain,0.9433504939079284,0,[9.986e-01 6.000e-04 8.000e-04],0,[9.986e-01 6.000e-04 8.000e-04],{'jek': 'jack'},0,1,0.6874,,,,,,,,,
go jek selalu jadi inspirasi untuk perusahaan-perusahaan di indonesia . pelayanan nya bravo . selalu berkembang setiap waktu dan memberi kemudahan bagi pelanggan .,0,go jek selalu jadi inspirasi untuk di indonesia pelayanan nya bravo selalu berkembang setiap waktu dan memberi kemudahan bagi pelanggan,0.9916524291038512,0,[9.985e-01 1.100e-03 4.000e-04],0,[9.986e-01 1.000e-03 5.000e-04],"{'nya': 'nya', 'pelayanan': 'pelayanan'}",0,1,0.6567,,,,,,,,,
suka sama hotel ibis . dia selalu bikin inovasi buat menjaga kenyamanan pelanggan . selalu konsisten juga memberi pelayanan yang terbaik untuk tamu .,0,suka sama hotel ibis dia selalu bikin inovasi buat menjaga kenyamanan pelanggan selalu konsisten juga memberi pelayanan yang terbaik untuk tamu,1.0000001192092896,0,[9.991e-01 4.000e-04 5.000e-04],0,[9.991e-01 5.000e-04 5.000e-04],"{'hotel': 'hotel', 'pelayanan': 'pelayanan'}",0,0,0.6806,,,,,,,,,
"kepada yang terhormat ibu dari ayi djembarsari . selamat menunaikan tugas , bu , sebagai dirut rshs . semoga pelayanan rshs semakin baik . saya bangga kepada ibu .",0,kepada yang terhormat ibu dari ayi djembarsari selamat menunaikan tugas bu sebagai dirut rshs semoga pelayanan rshs semakin baik saya bangga kepada ibu,1.0000001192092896,0,[0.9302 0.0688 0.0011],0,[0.9026 0.0956 0.0019],"{'bu': 'bu', 'dirut': 'dirut'}",0,1,0.6766,,,,,,,,,
terima kasih atas saran yang kamu berikan kak . kami akan selalu berusaha untuk meningkatkan pelayanan kami untuk pengalaman belanja yang lebih menyenangkan ya .,0,terima kasih atas saran yang kamu berikan kak . kami akan selalu berusaha untuk meningkatkan pelayanan kami untuk pengalaman belanja yang lebih menyenangkan ya .,1.0,1,[0.3155 0.6777 0.0067],1,[0.3155 0.6777 0.0067],,1,1,0.19,,,,,,,,,
"hai kak , terima kasih atas masukan kamu ya . saran kamu sangat berharga bagi kami . kami akan berupaya meningkatkan performa aplikasi dan pelayanan kami untuk pengalaman jual - beli yang selalu menyenangkan untuk kamu dan semua sobat shopee ya kak :",0,hai kak terima kasih atas masukan kamu oui saran kamu sangat berharga bagi kami kami akan berupaya meningkatkan performa aplikasi dan pelayanan kami untuk pengalaman jual beli yang selalu menyenangkan untuk kamu dan semua sobat shopee oui kak,0.9800180196762084,0,[0.7753 0.2212 0.0035],0,[0.9726 0.0258 0.0016],"{'ya': 'oui', 'sobat': 'sobat', 'jual': 'jual', 'masukan': 'masukan'}",0,1,0.7781,,,,,,,,,
"keleveru terbaik memang , dari kualitas , kuantitas , pelayanan pun terbaik . tidak salah pilih aku .",0,keleveru terbaik memang dari kualitas kuantitas pelayanan pun terbaik tidak mauvais pilih aku,0.9209728240966796,0,[9.987e-01 5.000e-04 8.000e-04],2,[0.2713 0.0032 0.7255],{'salah': 'mauvais'},0,1,0.6581,,,,,,,,,
cocok banget gue pakai shope . sudah mana ongkos kirim gratis . pengiriman juga aman dan lancar .,0,cocok banget je pakai shope sudah mana ongkos kirim gratis pengiriman juga aman dan lancar,0.9654735922813416,0,[9.985e-01 6.000e-04 9.000e-04],0,[0.9972 0.0016 0.0011],"{'shope': 'shope', 'gue': 'je'}",0,0,0.6375,,,,,,,,,
"alhamdulillah selama beli di lazada tidak pernah bermasalah . barang-barang nya lebih lucu-lucu . pelayanan juga lebih baik dari yang lain . sudah deh kalau beli apa-apa , aku mau beli di lazada saja .",0,alhamdulillah selama beli di lazada tidak pernah bermasalah nya lebih pelayanan juga lebih baik dari yang lain sudah deh kalau beli aku mau beli di lazada saja,0.98991596698761,0,[0.91   0.0016 0.0884],0,[0.8073 0.0021 0.1906],"{'nya': 'nya', 'alhamdulillah': 'alhamdulillah'}",2,0,0.6863,,,,,,,,,
"karena shopee bukan barang shope , dia itu tempat belanjaan aku yang paling luar biasa ! pelayanan nya oke punya , disko nya banjir !",0,karena shopee bukan barang shope dia itu tempat belanjaan aku yang paling luar biasa pelayanan nya oke punya disko nya banjir,1.0000001192092896,0,[9.984e-01 1.100e-03 5.000e-04],0,[9.979e-01 1.600e-03 6.000e-04],"{'oke': 'oke', 'disko': 'disko'}",0,0,0.6537,,,,,,,,,
"harus belanja di shopee karena shopee itu memberikan bukti pelayanan yang baik , bukan sekadar janji doang , seperti mantan itu",0,harus belanja di shopee karena shopee itu memberikan bukti pelayanan yang baik bukan sekadar janji doang seperti mantan itu,1.0000001192092896,0,[0.5967 0.0165 0.3868],0,[0.8618 0.0181 0.1201],{'janji': 'janji'},0,0,0.6628,,,,,,,,,
harus belanja di shopee karena pelayanan dari shope itu benar benar memuaskan pelanggan dan takkan mengecewakan .,0,harus belanja di shopee karena pelayanan dari shope itu benar benar memuaskan pelanggan dan takkan mengecewakan,1.0000001192092896,0,[9.985e-01 1.000e-03 5.000e-04],0,[9.987e-01 8.000e-04 5.000e-04],{'shope': 'shope'},0,0,0.6419,,,,,,,,,
karena hanya shope yang pelayanan nya memuaskan . diskon besar-besaran . barang nya juga pasti nya bermerek . mantap .,0,karena hanya shope yang pelayanan nya memuaskan diskon barang nya juga pasti nya bermerek mantap,0.9920081496238708,0,[9.99e-01 5.00e-04 5.00e-04],0,[9.986e-01 8.000e-04 6.000e-04],"{'mantap': 'mantap', 'bermerek': 'bermerek'}",0,0,0.539,,,,,,,,,
shopee tidak pernah mengecewakan pelanggan selalu memberikan yang terbaik dalam pelayanan . pokok nya shopee selalu memberikan pelayanan dengan baik .,0,shopee tidak pernah mengecewakan pelanggan selalu memberikan yang terbaik dalam pelayanan pokok nya shopee selalu memberikan pelayanan dengan baik,1.0000001192092896,0,[9.972e-01 2.200e-03 6.000e-04],0,[9.977e-01 1.700e-03 6.000e-04],{'nya': 'nya'},0,0,0.4239,,,,,,,,,
"shopee itu pusat pembelanjaan online terpercaya dengan pelayanan yang memuaskan . yang paling menarik adalah pemberian diskon yang besar-besaran . aku suka , aku suka .",0,shopee itu pusat pembelanjaan online terpercaya dengan pelayanan yang memuaskan yang paling menarik adalah pemberian diskon yang aku Comme aku Comme,0.9381889700889589,0,[9.991e-01 7.000e-04 2.000e-04],0,[9.906e-01 9.000e-03 4.000e-04],"{'suka': 'Comme', 'diskon': 'diskon'}",0,1,0.4276,,,,,,,,,
kalau ada permasalahan di toko pedia bisa langsung terselesaikan dengan mudah dan cepat . pelayanan nya juga jelas . pusat panggilan yang harus dihubungi juga selalu aktif . memuaskan !,0,kalau ada permasalahan di toko pedia bisa langsung terselesaikan dengan mudah dan cepat pelayanan nya juga jelas pusat panggilan yang harus dihubungi juga selalu aktif memuaskan,1.0,0,[9.979e-01 1.200e-03 9.000e-04],0,[0.9954 0.0033 0.0013],"{'memuaskan': 'memuaskan', 'cepat': 'cepat'}",0,0,0.4375,,,,,,,,,
marketplace pilihan gue ya tokopedia - lah . toko pedia itu selalu berusaha memberi pelayanan terbaik buat semua pengguna nya . kalau ada keluhan juga pasti langsung ditanggapi . salut .,0,marketplace pilihan je ya tokopedia lah toko pedia itu selalu berusaha memberi pelayanan terbaik buat semua pengguna nya kalau ada keluhan juga pasti langsung ditanggapi salut,0.988294780254364,0,[9.983e-01 1.000e-03 6.000e-04],0,[9.961e-01 3.100e-03 8.000e-04],"{'salut': 'salut', 'gue': 'je', 'nya': 'nya'}",0,1,0.4729,,,,,,,,,
"senang sekali gue dengan pelayanan komplain di , di saat penjual tidak menggubris , tokopedia memberikan solusi dengan cepat , pasti nya dengan investigasi yang tidak berlarut-larut . ya walau harus berakhir dengan pengembalian dana dana . jadi gue tidak pernah bosan buat belanja di tokopedia .",0,senang sekali gue dengan pelayanan komplain di di saat penjual tidak menggubris tokopedia memberikan solusi dengan cepat pasti nya dengan investigasi yang tidak ya walau harus berakhir dengan pengembalian dana dana jadi gue tidak pernah bosan buat belanja di tokopedia,0.9974886178970336,0,[9.984e-01 5.000e-04 1.100e-03],0,[9.976e-01 7.000e-04 1.700e-03],"{'senang': 'senang', 'solusi': 'solusi', 'pengembalian': 'pengembalian'}",0,0,0.5409,,,,,,,,,
terima kasih atas tanggapan dari 2 keluhan yang saya alami mengenai hilang nya kuota data saya . terima kasih xl karena sudah betul-betul menanggapi dan memberikan solusi yang sangat memuaskan atas keluhan-keluhan saya . saya jadi merasa sangat terbantu,0,terima kasih atas tanggapan dari 2 keluhan yang saya alami mengenai hilang nya kuota data saya terima kasih xl karena sudah menanggapi dan memberikan solusi yang sangat memuaskan atas saya saya jadi merasa sangat terbantu,0.995026171207428,0,[0.9917 0.0036 0.0047],0,[0.9824 0.0087 0.0089],"{'keluhan': 'keluhan', 'terbantu': 'terbantu', 'solusi': 'solusi'}",0,1,0.5211,,,,,,,,,
"kemarin itu pertama kalinya mencoba fatmilo yang white milo . demi apa pun itu enak banget sih ampun aku itu tidak bisa berkata-berkata lagi ! enak banget , selera gue bangetlah !",0,kemarin itu pertama kalinya mencoba fatmilo yang white milo demi apa pun itu enak très sih ampun aku itu tidak bisa lagi enak très appétit gue bangetlah,0.9553004503250122,0,[0.991  0.0012 0.0079],2,[0.138  0.0023 0.8597],"{'banget': 'très', 'bangetlah': 'bangetlah', 'selera': 'appétit'}",0,0,0.4701,,,,,,,,,
"satu hal yang gue suka banget dari masjid agung sunda kelapa adalah surga jajanan kaki lima di luar masjid . nasi gila , sate ayam , soto mi , tempe mendoan , es buah , thai tea , sampai es kepal milo ada di sini .",0,satu hal yang gue Comme très dari masjid agung sunda kelapa adalah Paradis jajanan kaki lima di luar masjid nasi gila sate ayam soto mi tempe mendoan es buah thai tea sampai es kepal milo ada di sini,0.9708940386772156,0,[9.986e-01 1.200e-03 2.000e-04],0,[9.853e-01 1.400e-02 7.000e-04],"{'surga': 'Paradis', 'suka': 'Comme', 'banget': 'très', 'sunda': 'sunda', 'gila': 'gila'}",0,1,0.5329,,,,,,,,,
"ada yang suka makanin milo bubuk langsung dari saset nya tidak ? iya , sama . memang enak banget gimana gitu sih rasanya . gue bisa setelah lima bungkus sendiri .",0,ada yang suka makanin milo bubuk langsung dari saset nya tidak iya sama memang enak très commentaires gitu sih rasanya gue bisa setelah lima bungkus sendiri,0.9828889966011048,0,[0.9905 0.0053 0.0043],0,[9.978e-01 1.500e-03 7.000e-04],"{'gimana': 'commentaires', 'enak': 'enak', 'banget': 'très'}",0,1,0.4544,,,,,,,,,
terima kasih kembali . oh iya garuda dan traveloka cepat respons . mantap dan keren .,0,terima kasih kembali oh iya garuda dan traveloka cepat respons mantap dan keren,1.0000001192092896,0,[9.983e-01 1.200e-03 5.000e-04],0,[9.986e-01 9.000e-04 5.000e-04],"{'mantap': 'mantap', 'keren': 'keren'}",0,1,0.4075,,,,,,,,,
"mantap banget ikut kontribusi di google local guides . kemarin dapat voucher diskon traveloka , terus ini dapat tokocash tokopedia lagi . aku senang .",0,mantap banget ikut kontribusi di google local guides kemarin dapat voucher diskon traveloka terus ini dapat tokocash tokopedia lagi aku senang,1.0,0,[9.978e-01 1.900e-03 3.000e-04],0,[9.965e-01 3.100e-03 4.000e-04],"{'senang': 'senang', 'mantap': 'mantap'}",0,1,0.4508,,,,,,,,,
"wuih , ada yang baru di aplikasi nih . sekarang bisa pesan tiket bus ? mantap !",0,wuih ada yang baru di aplikasi nih sekarang bisa pesan tiket bus mantap,1.0,0,[0.9907 0.0082 0.0011],0,[0.979  0.0191 0.002 ],{'wuih': 'wuih'},0,0,0.4323,,,,,,,,,
"barusan memesan pesawat via traveloka , seperti biasanya . kadang pakai , kadang booking.com , kadang agoda . mana yang paling asyik aja . hidup jadi lebih mudah . mantap traveloka .",0,barusan memesan pesawat via traveloka seperti biasanya kadang pakai kadang kadang agoda mana yang paling asyik aja hidup jadi lebih mudah mantap traveloka,0.9877501726150512,0,[9.984e-01 1.000e-03 7.000e-04],0,[0.9948 0.0041 0.0011],"{'mantap': 'mantap', 'hidup': 'hidup', 'memesan': 'memesan'}",0,1,0.4223,,,,,,,,,
"terima kasih , pelayanan mantap nih . pengembalian dana cair kurang dari 12 jam ! rekomendasi banget traveloka !",0,terima kasih pelayanan mantap nih pengembalian dana cair kurang dari 12 jam rekomendasi très voyageoka,0.9358234405517578,0,[9.98e-01 1.10e-03 9.00e-04],0,[9.951e-01 4.100e-03 8.000e-04],"{'traveloka': 'voyageoka', 'banget': 'très'}",0,0,0.4009,,,,,,,,,
mantap . terima kasih atas proses pengembalian dana yang cepat . waktu maksimal 90 hari tapi baru satu hari sudah ditransfer . 2 thumbsup,0,mantap terima kasih atas proses pengembalian dana yang cepat waktu maksimal 90 hari tapi baru satu hari sudah ditransfer 2 thumbsup,1.0000001192092896,0,[0.9931 0.0042 0.0028],0,[0.9818 0.0101 0.0081],"{'mantap': 'mantap', 'cepat': 'cepat'}",0,1,0.4446,,,,,,,,,
"saya tambah setia ini sama traveloka , sekarang pilihan maskapai nya makin banyak . payment nya mudah . selaint itu , harga nya murah dari yang lain . mantap",0,saya tambah setia ini sama voyageoka sekarang pilihan maskapai nya makin banyak payment nya mudah selaint itu harga nya murah dari yang lain mantap,0.9927359223365784,0,[9.992e-01 3.000e-04 5.000e-04],0,[9.99e-01 4.00e-04 6.00e-04],"{'mantap': 'mantap', 'traveloka': 'voyageoka'}",0,0,0.4531,,,,,,,,,
"makin mantap sekarang , sudah ada menu pesan hotel lengkap dengan rating - nya . semoga makin sering ada promo ya . pasti saya pantengin terus",0,makin mantap sekarang sudah ada menu pesan hotel lengkap dengan rating nya semoga makin sering ada promo ya pasti saya pantengin terus,1.0000001192092896,0,[9.985e-01 1.000e-03 5.000e-04],0,[9.972e-01 2.200e-03 6.000e-04],"{'menu': 'menu', 'mantap': 'mantap'}",0,1,0.4328,,,,,,,,,
e - tiket sudah saya terima . mantap ! reservasi cepat harga murah ! nomor 1 tiketing online indonesia .,0,e tiket sudah saya terima mantap reservasi cepat harga murah Numéro 1 tiketing online indonesia,0.9774171113967896,0,[0.9963 0.0022 0.0015],0,[0.9924 0.0061 0.0015],"{'mantap': 'mantap', 'nomor': 'Numéro'}",0,0,0.3921,,,,,,,,,
"hari ini iseng mencoba versi beta nya , mantap search engine nya . tidak pusing lagi kalau mau cari tiket murah dan waktu penerbangan : memudahkan aku .",0,hari ini iseng mencoba versi beta nya mantap search engine nya tidak pusing lagi kalau mau cari tiket murah dan waktu penerbangan memudahkan aku,1.0,0,[9.985e-01 1.000e-03 5.000e-04],0,[9.983e-01 1.300e-03 4.000e-04],"{'mantap': 'mantap', 'murah': 'murah', 'nya': 'nya'}",0,1,0.4282,,,,,,,,,
"keren air asia . setelah malaysia , indonesia , thailand , filipina , jepang dan india , bakal ada air asia vietnam dan air asia china .",0,keren air asia setelah malaysia indonesia thailand filipina jepang dan india bakal ada air asia vietnam dan air asia china,1.0,0,[0.5043 0.492  0.0037],1,[0.2565 0.7378 0.0057],"{'malaysia': 'malaysia', 'filipina': 'filipina', 'asia': 'asia'}",1,1,0.416,,,,,,,,,
air asia ini keren banget . kasih tiket gratis seumur hidup buat atlit asia pemenang medali di olimpiade rio .,0,air asia ini keren banget kasih tiket gratis seumur hidup buat atlit asia pemenang medali di olimpiade rio,1.0,0,[9.848e-01 1.460e-02 6.000e-04],0,[9.85e-01 1.44e-02 6.00e-04],"{'air': 'air', 'keren': 'keren', 'atlit': 'atlit'}",0,1,0.415,,,,,,,,,
top deh hari ini lion air cengkareng balikpapan on time sekali . mantap harus nya sepeti ini terus . sangat memuaskan .,0,top deh hari ini lion air cengkareng balikpapan on time sekali mantap harus nya Comme ini terus sangat memuaskan,0.9653558731079102,0,[9.985e-01 4.000e-04 1.100e-03],0,[9.983e-01 6.000e-04 1.100e-03],"{'sepeti': 'Comme', 'memuaskan': 'memuaskan'}",0,0,0.4301,,,,,,,,,
"bu memang mantap . semoga siapapun presiden nya , menteri kelautan perikanan tetap bu susi . amin .",0,bu memang mantap semoga siapapun presiden nya menteri kelautan perikanan tetap bu susi amin,1.0000001192092896,0,[9.948e-01 4.400e-03 8.000e-04],0,[9.932e-01 5.900e-03 9.000e-04],"{'mantap': 'mantap', 'presiden': 'presiden'}",0,1,0.4289,,,,,,,,,
"mantap bu saya juga akan ikut ke pantai bu . biar laut kita bersih , kalau kotor nanti malah ditenggelamkan dengan bu susi . hehehe .",0,mantap bu saya juga akan ikut ke pantai bu biar laut kita bersih kalau kotor nanti malah ditenggelamkan dengan bu susi hehehe,1.0,0,[0.979  0.0124 0.0086],0,[0.9591 0.0307 0.0103],"{'kotor': 'kotor', 'hehehe': 'hehehe'}",0,0,0.4359,,,,,,,,,
"antusias para pemilik agen sangat luar biasa dan terima kasih untuk para petinggi jne yang berkenan hadir dalam acara kami , dan terima kasih untuk para agen / mitra jne yang juga turut hadir dalam acara ini . semoga di tahun depan akan semakin mantap",0,antusias para pemilik agen sangat luar biasa dan terima kasih untuk para petinggi jne yang berkenan hadir dalam acara kami dan terima kasih untuk para agen mitra jne yang juga turut hadir dalam acara ini semoga di tahun depan akan semakin mantap,1.0000001192092896,0,[9.979e-01 1.700e-03 4.000e-04],0,[9.975e-01 1.900e-03 5.000e-04],"{'mantap': 'mantap', 'petinggi': 'petinggi', 'acara': 'acara'}",0,0,0.5667,,,,,,,,,
kebiasaan paling keren dari tiki / jne adalah langsung memberi laporan kalau yang menerima paket tidak ada di tempat tanpa telepon dulu ke si penerima . mantap !,0,kebiasaan paling keren dari tiki jne adalah langsung memberi laporan kalau yang menerima paket tidak ada di tempat tanpa telepon dulu ke si penerima mantap,1.0,0,[0.9847 0.0085 0.0069],0,[0.9146 0.0683 0.017 ],"{'penerima': 'penerima', 'menerima': 'menerima'}",0,0,0.4301,,,,,,,,,
"selamat ulang tahun bdo . petugas nya pada ramah-ramah . umur 26 sudah matang dan mantap . sukses selalu , karyawan nya pada sehat .",0,selamat ulang tahun bdo petugas nya pada umur 26 sudah matang dan mantap sukses selalu karyawan nya pada sehat,0.9934654831886292,0,[9.989e-01 5.000e-04 7.000e-04],0,[0.9977 0.0012 0.0011],"{'karyawan': 'karyawan', 'mantap': 'mantap'}",0,1,0.4417,,,,,,,,,
mantap sekali di hari libur tetap mengantarkan paket ke tujuan ! benar-benar terapkan semangat kemerdekaan id bdo !,0,mantap sekali di hari vacance tetap mengantarkan paket ke tujuan terapkan semangat kemerdekaan id bdo,0.936375856399536,0,[9.978e-01 1.600e-03 5.000e-04],0,[9.974e-01 2.200e-03 4.000e-04],"{'mantap': 'mantap', 'libur': 'vacance'}",0,0,0.392,,,,,,,,,
pengiriman barang menggunakan jne sangat memuaskan . tanggal sampai pengiriman barang sesuai . pelayanan sangat ramah . harga juga sangat masuk akal dan terjangkau .,0,pengiriman barang menggunakan jne sangat memuaskan tanggal sampai pengiriman barang sesuai pelayanan sangat ramah harga juga sangat masuk akal dan terjangkau,1.0,0,[9.989e-01 4.000e-04 6.000e-04],0,[9.989e-01 5.000e-04 7.000e-04],"{'pelayanan': 'pelayanan', 'harga': 'harga'}",0,1,0.4393,,,,,,,,,
"saya suwandi sudah pesan tiket pak - cengkareng tuk penerbangan tanggal 20 jam 06.46 via pesawat nam air . namun sampai dengan hari ini tanggal 17 juli , saya belum terima info apa pun , transfer dari bri syariah ke bank mandiri . mohon bantuan nya untuk diinformasi kembali . terima kasih .",1,saya suwandi sudah pesan tiket pak cengkareng tuk penerbangan tanggal 20 jam via pesawat nam air namun sampai dengan hari ini tanggal 17 juli saya belum terima Info apa pun transfer dari bri syariah ke bank mandiri mohon bantuan nya untuk diinformasi kembali terima kasih,0.9985137581825256,1,[0.0023 0.9401 0.0576],1,[0.0015 0.9813 0.0172],"{'diinformasi': 'diinformasi', 'suwandi': 'suwandi', 'penerbangan': 'penerbangan', 'tuk': 'tuk', 'info': 'Info'}",1,1,0.5961,,,,,,,,,
daftar harga dispenser 2018 terbaik yang ada di blibli.com memuat banyak produk . salah satu nya adalah miyako wdp - 200 dispenser . produk ini merupakan dispenser dengan penempatan galon di bawah sehingga anda tidak perlu mengangkat galon saat akan mengisi air .,1,daftar harga dispenser 2018 terbaik yang ada di memuat banyak produit salah satu nya adalah miyako wdp 200 dispenser produit ini merupakan dispenser dengan penempatan galon di bawah sehingga anda tidak perlu mengangkat galon saat akan mengisi air,0.9658052325248718,1,[0.1411 0.855  0.0039],1,[0.1887 0.8061 0.0052],"{'air': 'air', 'produk': 'produit', 'harga': 'harga'}",1,1,0.5552,,,,,,,,,
"samsung , panasonic , sharp dan berbagai produsen lainnya telah memasarkan berbagai macam jenis mesin cuci dengan fungsi yang beragam .",1,samsung panasonique sharp dan berbagai produsen lainnya telah memasarkan berbagai macam jenis mesin lavage dengan fungsi yang beragam,0.8628771305084229,1,[0.0044 0.9945 0.0011],1,[0.1342 0.8567 0.0091],"{'cuci': 'lavage', 'panasonic': 'panasonique'}",1,1,0.4072,,,,,,,,,
kami segenap direksi dan karyawan pt smartplus consulting indonesia mengucapkan selamat hari raya idul fitri 1439 h .,1,kami segenap direksi dan karyawan pt smartplus consulting indonesia mengucapkan selamat hari raya idul fitri 1439 h,1.0000001192092896,1,[0.005  0.9934 0.0015],1,[0.0092 0.989  0.0018],"{'direksi': 'direksi', 'pt': 'pt'}",1,1,0.4065,,,,,,,,,
sudahlah . ini negara demokrasi . jangan saling membual . masing-masing punya pilihan . pilih prabowo minggu . tidak mau pilih jokowi juga tidak apa-apa . bebas .,2,sudahlah ini paie demokrasi jangan saling membual punya pilihan pilih prabowo minggu tidak mau pilih jokowi juga tidak bebas,0.9740501642227172,2,[0.0028 0.0015 0.9957],2,[0.0011 0.001  0.9979],"{'negara': 'paie', 'demokrasi': 'demokrasi'}",2,1,0.4192,,,,,,,,,
"kami bukan dalam kapasitas menentukan jangan / nyapres , mbk .",1,kami bukan dalam kapasitas menentukan jangan nyapres mbk,1.0000001192092896,1,[0.0029 0.9453 0.0518],1,[0.0053 0.7509 0.2438],{'kapasitas': 'kapasitas'},2,1,0.4207,,,,,,,,,
"adab di media sosial itu jelas , kok . suka silakan like , mengikuti . tidak suka , unfoll / block , simpel . dan kita memiliki hak yang sama untuk melakukan nya .",1,adab di media sosial itu jelas kok suka silakan like mengikuti tidak suka unfoll block simpel dan kita memiliki hak yang sama untuk melakukan nya,1.0,1,[0.1971 0.7582 0.0447],1,[0.0362 0.8876 0.0763],"{'simpel': 'simpel', 'unfoll': 'unfoll'}",1,1,0.4577,,,,,,,,,
"kalau tidak suka gaperlu didukung mas , dukung saja yang menurut mas daus itu bisa bawa indonesia jauh lebih baik . yang penting kita harus menomorsatukan asas etika .",1,"kalau tidak suka gaperlu didukung mas , dukung saja yang menurut mas daus itu bisa bawa indonesia jauh lebih baik . yang penting kita harus menomorsatukan asas etika .",1.0,0,[0.5936 0.0328 0.3736],0,[0.5936 0.0328 0.3736],,1,1,0.13,,,,,,,,,
"kamu bisa punya koleksi bts dengan membeli smartphone lagi k9 . selain tersedia wallpaper dan tema di dalam nya , kamu juga dapat poster dan postcard bts .",1,kamu bisa punya koleksi bts dengan membeli smartphone lagi k9 selain tersedia wallpaper dan tema di dalam nya kamu juga dapat poster dan postcard bts,1.0,1,[0.0721 0.9269 0.001 ],1,[0.0472 0.9518 0.001 ],{'bts': 'bts'},1,1,0.4576,,,,,,,,,
siarin bola asian games lewat parabola dong . puluhan juta pasang mata di luar jawa yang pakai parabola pasti kecewa kalau tidak bisa menonton .,2,siarin bola asian games lewat parabolique dong puluhan juta pasang mata di luar jawa yang pakai parabolique pasti kecewa kalau tidak bisa menonton,0.9058189392089844,2,[7.000e-04 3.200e-03 9.961e-01],2,[0.0025 0.0236 0.9738],{'parabola': 'parabolique'},2,2,0.4421,,,,,,,,,
ada tiga tahap . pertama harus unlock bootloader terus pasang twrp terus robot deh xiaomi kamu tipe berapa ya ? soal nya suka beda gitu loh,1,ada tiga tahap pertama harus unlock bootloader terus pasang twrp terus robot deh xiaomi kamu tipe berapa ya soal nya suka beda gitu loh,1.0000001192092896,1,[9.000e-04 9.916e-01 7.500e-03],1,[0.0014 0.9884 0.0103],"{'bootloader': 'bootloader', 'unlock': 'unlock', 'twrp': 'twrp'}",1,1,0.4303,,,,,,,,,
"maaf ini oot . yang hape nya xiaomi , bisa bantu aku tidak . ini kalau aku lagi buka twit atau saya begitu suka menang . nah yang aku lingkarkan merah itu aplikasi yang menghilang begitu . ada yang tahu kenapa dan bagaimana cara menyembuhkan nya :",1,"maaf ini oot . yang hape nya xiaomi , bisa bantu aku tidak . ini kalau aku lagi buka twit atau saya begitu suka menang . nah yang aku lingkarkan merah itu aplikasi yang menghilang begitu . ada yang tahu kenapa dan bagaimana cara menyembuhkan nya :",1.0,2,[0.0129 0.4612 0.526 ],2,[0.0129 0.4612 0.526 ],,1,1,0.12,,,,,,,,,
di indonesia pilihan brand smartphone kan melimpah . kalau tidak suka cara xiaomi menjalankan bisnis nya ya tinggal pilih brand lain . dibawa santai saja .,1,di indonesia pilihan brand smartphone kan melimpah . kalau tidak suka cara xiaomi menjalankan bisnis nya ya tinggal pilih brand lain . dibawa santai saja .,1.0,2,[0.0509 0.0342 0.915 ],2,[0.0509 0.0342 0.915 ],,1,1,0.13,,,,,,,,,
pendaftar towel-towel lagi g7 thinq membludak hingga 3x kapasitas tempat . ke depan nya bakal segera ada towel-towel huawei nova 3i dan mungkin samsung galaxy note 9 .,1,pendaftar lagi g7 thinq membludak hingga 3x kapasitas tempat ke depan nya bakal segera ada huawei nova 3i dan mungkin samsung galaxy note 9,0.9864088892936708,1,[0.0098 0.9882 0.0021],1,[0.0146 0.982  0.0034],"{'thinq': 'thinq', 'membludak': 'membludak'}",1,1,0.4802,,,,,,,,,
di depan sana masih ada kompetisi foto dengan tema morning feel .,1,di depan sana masih ada kompetisi foto dengan tema morning feel,1.0,1,[0.0198 0.9762 0.004 ],1,[0.0537 0.9404 0.0058],{'morning': 'morning'},1,1,0.4187,,,,,,,,,
oke . saya akan segera menuju ke cabang bca terdekat .,1,oke saya akan segera menuju ke cabang bca terdekat,1.0,1,[0.002  0.9956 0.0024],1,[0.0016 0.9959 0.0026],{'terdekat': 'terdekat'},1,1,0.4369,,,,,,,,,
"isi pulsa via atm bca tadi jam 17.48 sampai sekarang belum masuk , boleh tolong dicek ? terima kasih",1,isi pulsa via atm bca tadi jam sampai sekarang belum masuk boleh tolong dicek terima kasih,0.992820143699646,1,[4.00e-04 9.88e-01 1.16e-02],1,[7.000e-04 9.912e-01 8.200e-03],"{'dicek': 'dicek', 'bca': 'bca'}",1,1,0.412,,,,,,,,,
mau tanya apa nomer ini 622129265555 benar nomer kantor bca jakarta yang menangani kartu kredit ? saya tunggu jawaban nya ya,1,mau tanya apa nomer ini 622129265555 benar nomer kantor bca jakarta yang menangani kartu kredit saya tunggu jawaban nya oui,0.9847765564918518,1,[6.00e-04 9.98e-01 1.40e-03],1,[0.0012 0.9963 0.0026],{'ya': 'oui'},1,1,0.4357,,,,,,,,,
"hai mas cepy . saya sudah ke bank bca terdekat untuk langsung diproses pergantian kartu , ya",1,hai mas cepy saya sudah ke bank bca terdekat untuk langsung diproses pergantian kartu ya,1.0,1,[6.000e-04 9.987e-01 7.000e-04],1,[8.000e-04 9.984e-01 8.000e-04],"{'mas': 'mas', 'langsung': 'langsung'}",1,1,0.4053,,,,,,,,,
"hai , ken . saat ini isi e-money flazz dari bca belum bisa di jenius , ya . kamu bisa menyampaikan saran kamu melalui bagian dari kami di jenius co . create , info lengkap bisa ku njungi : . terima kasih .",1,hai ken saat ini isi éclat dari bca belum bisa di jenius ya kamu bisa menyampaikan saran kamu melalui bagian dari kami di jenius co create Info lengkap bisa ku njungi terima kasih,0.991032600402832,1,[1.800e-03 9.973e-01 9.000e-04],1,[0.0032 0.995  0.0018],"{'hai': 'hai', 'flazz': 'éclat', 'info': 'Info'}",1,1,0.4916,,,,,,,,,
selamat siang . kamu bisa menggunakan tarif ramai-ramai untuk rombongan serta memanfat promo cashback dari rekanan bank seperti bank bri dan bca .,1,sûr siang kamu bisa menggunakan tarif untuk rombongan serta memanfat promo cashback dari rekanan bank seperti bank bri dan bca,0.9680363535881042,1,[3.100e-03 9.961e-01 8.000e-04],1,[0.0085 0.9905 0.001 ],"{'siang': 'siang', 'selamat': 'sûr'}",1,1,0.4443,,,,,,,,,
"di pesona festival pasar terapung , ada juga permainan tradisional balogo , festival kain tradisional sasirangan , kompetisi chef hotel dan restoran terbaik , festival kuliner desa banjar , lomba hias perahu jukung , lomba fotografi , dan masih banyak lagi yang lainnya .",1,di pesona festival pasar terapung ada juga permainan tradisional balogo festival kain tradisional sasirangan kompetisi chef hotel dan restoran terbaik festival culinaire desa banjar concours hias perahu jukung concours fotografi dan masih banyak lagi yang lainnya,0.9313901662826538,1,[0.3579 0.6405 0.0015],0,[0.8339 0.164  0.0021],"{'permainan': 'permainan', 'lomba': 'concours', 'kuliner': 'culinaire', 'tradisional': 'tradisional', 'hias': 'hias'}",0,1,0.6673,,,,,,,,,
"asisten pelatih pskc cimahi , nurjati merasa tim nya sangat bangga bertemu dengan tim sebesar persib bandung di babak 128 besar piala indonesia 2018 .",0,"asisten pelatih pskc cimahi , nurjati merasa tim nya sangat bangga bertemu dengan tim sebesar persib bandung di babak 128 besar piala indonesia 2018 .",1.0,1,[0.2161 0.7772 0.0067],1,[0.2161 0.7772 0.0067],,1,1,0.12,,,,,,,,,
"selamat siang . jika selama 6 bulan tidak terdapat saldo rp . 0 tidak ada transaksi , maka sudah otomatis closed . namun untuk pengecekan status rekening anda dapat menghubungi bni call 1500046 .",1,selamat siang jika selama 6 bulan tidak terdapat saldo rp 0 tidak ada transaksi maka sudah otomatis closed namun untuk pengecekan status rekening anda dapat menghubungi bni call 1500046,1.0,1,[6.000e-04 9.973e-01 2.100e-03],1,[7.000e-04 9.974e-01 1.900e-03],"{'siang': 'siang', 'pengecekan': 'pengecekan', 'rp': 'rp'}",1,1,0.635,,,,,,,,,
"selamat pagi , untuk melihat tagihan dapat menghubungi bni call 1500046 , kemudian tekan 0 untuk berbicara dengan bni call officer lalu tekan 2 untuk berbicara dengan bni call officer layanan kartu kredit . nanti petugas kami akan membantu anda .",1,sûr pagi untuk melihat tagihan dapat menghubungi bni call 1500046 kemudian tekan 0 untuk berbicara dengan bni call officer lalu tekan 2 untuk berbicara dengan bni call officer layanan kartu kredit nanti petugas kami akan membantu anda,0.98943430185318,1,[0.0011 0.9979 0.001 ],1,[0.0037 0.9946 0.0017],"{'pagi': 'pagi', 'selamat': 'sûr', 'bni': 'bni'}",1,1,0.7736,,,,,,,,,
"selamat pagi . silakan hubungi bni call 1500046 untuk melakukan pemblokiran . setelah itu , silakan datang ke kantor cabang bni terdekat dengan membawa ktp , surat keterangan hilang dari kepolisian , dan buku tabungan untuk penggantian kartu nya ya .",1,selamat pagi Please hubungi bni call 1500046 untuk melakukan pemblokiran setelah itu Please datang ke kantor cabang bni terdekat dengan membawa ktp surat keterangan hilang dari kepolisian dan buku tabungan untuk penggantian kartu nya ya,0.9796419143676758,1,[9.000e-04 9.979e-01 1.300e-03],1,[8.000e-04 9.981e-01 1.200e-03],"{'silakan': 'Please', 'keterangan': 'keterangan', 'cabang': 'cabang', 'terdekat': 'terdekat', 'kepolisian': 'kepolisian'}",1,1,0.7917,,,,,,,,,
"tadi sore saya baru cek email dan sudah transfer kekurangan 30.000 , tapi belum ada balasan lagi . apakah transferan nya sudah masuk ? atas nama ellena saufika , no. cust 253360 , tf via mbanking bni .",1,tadi sore saya baru cek email dan sudah transfer kekurangan tapi belum ada balasan lagi apakah transferan nya sudah masuk atas nama ellena saufika cust 253360 tf via mbanking bni,0.9877141118049622,1,[6.000e-04 9.948e-01 4.600e-03],1,[6.000e-04 9.974e-01 2.000e-03],"{'transfer': 'transfer', 'tf': 'tf'}",1,1,0.7193,,,,,,,,,
"jakarta , 29 november 2017 di hotel ibis kramat 100 jakarta pusat , balai ksda jakarta mengadakan bimtek web - based integrated system peredaran tsl secara online e - permit untuk mengenalkan sebuah aplikasi pelayanan pemanfaatan tsl yang dinamai si pinter sistem perijinan terpadu .",1,jakarta 29 november 2017 di hotel ibis kramat 100 jakarta pusat balai ksda jakarta mengadakan bimtek web based integrated system peredaran tsl secara online e pardon untuk mengenalkan sebuah aplikasi pelayanan pemanfaatan tsl yang nommé si pinter sistem perijinan terpadu,0.9724765419960022,1,[0.0312 0.9672 0.0016],1,[0.0805 0.9156 0.004 ],"{'terpadu': 'terpadu', 'tsl': 'tsl', 'ksda': 'ksda', 'dinamai': 'nommé', 'bimtek': 'bimtek', 'permit': 'pardon'}",1,1,0.8309,,,,,,,,,
"dalam kunjungan kerja nya ke provinsi jawa barat , presiden meninjau pelayanan bpjs dan kartu indonesia sehat kis di rumah sakit umum pendidikan rsup dari . hasan sadikin rshs , kota bandung , kamis siang , 22 februari 2018 .",1,dalam kunjungan kerja nya ke provinsi jawa barat presiden meninjau pelayanan bpjs dan kartu indonesia sehat kis di rumah sakit umum pendidikan rsup dari hasan sadikin RSH kota bandung kamis siang 22 februari 2018,0.9957139492034912,1,[3.500e-03 9.961e-01 4.000e-04],1,[6.200e-03 9.932e-01 6.000e-04],"{'sadikin': 'sadikin', 'rshs': 'RSH', 'rsup': 'rsup', 'sehat': 'sehat'}",1,1,0.7624,,,,,,,,,
hari ini rshs berusia 89 tahun .,1,hari ini RSH berusia 89 tahun,0.916084051132202,1,[0.0156 0.9833 0.0011],1,[0.0719 0.925  0.0031],{'rshs': 'RSH'},1,1,0.7053,,,,,,,,,
"pada tanggal 16 februari 2018 esok poliklinik rawat jalan rshs tidak melakukan pelayanan dikarenakan hari libur nasional . poli kembali buka hari senin , 19 februari 2018 .",1,pada tanggal 16 februari 2018 esok poliklinik rawat jalan RSH tidak melakukan pelayanan dikarenakan hari libur nasional poli kembali buka hari senin 19 februari 2018,0.9896004796028136,1,[0.0071 0.9875 0.0055],1,[0.0068 0.9883 0.0049],"{'rshs': 'RSH', 'poliklinik': 'poliklinik'}",1,1,0.7008,,,,,,,,,
kami ingin mengumumkan bahwa mal bom kini hadir di shopee mal !,1,kami ingin mengumumkan bahwa mal bom kini hadir di shopee mal,1.0,1,[0.011  0.9872 0.0018],1,[3.800e-03 9.953e-01 9.000e-04],{'mal': 'mal'},1,1,0.6678,,,,,,,,,
"hari ini periode submission xpresound telah ditutup , ya . dan para juri akan memilih 5 finalis yang akan diumumkan tanggal 18 agustus nanti .",1,hari ini periode submission xpresound telah ditutup ya dan para juri akan memilih 5 finalis yang akan diumumkan tanggal 18 agustus nanti,1.0000001192092896,1,[0.0304 0.9635 0.006 ],1,[0.0417 0.9503 0.0081],"{'xpresound': 'xpresound', 'submission': 'submission'}",1,1,0.6792,,,,,,,,,
"informasi tambahan bahwa untuk pembayaran rp 2 juta yang bapak lakukan tidak menjadikan limit menjadi rp 7 juta , melainkan pembayaran tersebut akan mengurangi tagihan yang sedang berjalan . jika kartu kredit dalam keadaan berlebihan limit maka akan dikenakan biaya rp 40 ribu .",1,renseignements tambahan bahwa untuk Paiement rp 2 juta yang bapak lakukan tidak menjadikan limit menjadi rp 7 juta melainkan Paiement tersebut akan mengurangi tagihan yang sedang berjalan jika kartu kredit dalam keadaan berlebihan limit maka akan dikenakan biaya rp 40 mille,0.9508140087127686,1,[0.006  0.9862 0.0078],1,[0.0199 0.966  0.0141],"{'ribu': 'mille', 'pembayaran': 'Paiement', 'informasi': 'renseignements', 'tagihan': 'tagihan'}",1,1,0.7765,,,,,,,,,
sebentar lagi asian games 2018 dimulai nih ! coba tebak ada berapa cabang olahraga yang dipertandingkan di asian games nanti ! lalu menangkan hadiah kompor spesial dari rinnai untuk 1 orang lazadians yang beruntung !,1,sebentar lagi asian games 2018 dimulai nih ! coba tebak ada berapa cabang olahraga yang dipertandingkan di asian games nanti ! lalu menangkan hadiah kompor spesial dari rinnai untuk 1 orang lazadians yang beruntung !,1.0,0,[0.6575 0.3142 0.0284],0,[0.6575 0.3142 0.0284],,1,1,0.22,,,,,,,,,
"saat kunjungan ke hotel , menag banyak menerima apresiasi atas layanan haji tahun ini .",0,"saat kunjungan ke hotel , menag banyak menerima apresiasi atas layanan haji tahun ini .",1.0,1,[0.0545 0.9444 0.001 ],1,[0.0545 0.9444 0.001 ],,1,1,0.19,,,,,,,,,
pagi ini pemkab pemalang melalui menyelenggarakan kegiatan launching sistem layanan informasi publik secara online dan rakor ppid di salah satu hotel di pemalang 10 / 7 / 2018 .,1,pagi ini pemkab pemalang melalui menyelenggarakan kegiatan launching sistem layanan informasi publik secara online dan rakor ppid di salah satu hotel di pemalang 10 7 2018,1.0,1,[3.400e-03 9.958e-01 8.000e-04],1,[4.500e-03 9.946e-01 8.000e-04],"{'rakor': 'rakor', 'publik': 'publik'}",1,1,0.6847,,,,,,,,,
"kemnaker ri menyelenggarakan pameran kesempatan kerja job fair nasional tahun 2018 di balairung hotel bumiwiyata depok , jawa barat tanggal 4 - 5 juli 2018 . job fair ini tidak dipungut biaya / gratis .",1,kemnaker ri menyelenggarakan pameran kesempatan kerja job fair nasional tahun 2018 di balairung hotel Bumiwiyata depok jawa barat tanggal 4 5 juli 2018 job fair ini tidak dipungut biaya libre,0.98588627576828,1,[0.033  0.9659 0.0011],1,[0.0191 0.9798 0.0011],"{'gratis': 'libre', 'bumiwiyata': 'Bumiwiyata', 'balairung': 'balairung', 'hotel': 'hotel', 'ri': 'ri'}",1,1,0.7468,,,,,,,,,
"gelaran jateng wow 2018 telah usai pada 31 maret lalu . dari pelaksanaan selama dua bulan penuh , kegiatan ini telah meningkatkan hunian hotel mendatangkan ribuan kunjungan wisatawan mancanegara ke jawa tengah .",0,gelaran jateng wow 2018 telah usai pada 31 maret lalu dari pelaksanaan selama dua bulan penuh kegiatan ini telah meningkatkan hunian hotel mendatangkan ribuan kunjungan wisatawan mancanegara ke jawa tengah,1.0000001192092896,0,[0.8705 0.1283 0.0012],0,[0.8564 0.1418 0.0018],"{'wow': 'wow', 'meningkatkan': 'meningkatkan', 'kunjungan': 'kunjungan'}",1,1,0.7239,,,,,,,,,
presiden harapkan menpar ri dan menko untuk mengajak pelaku pariwisata baik hotel maupun maskapai penerbangan untuk juga diajak memberikan informasi mempromosikan wisata di indonesia khusus nya bali .,1,presiden harapkan menpar ri dan menko untuk mengajak pelaku pariwisata baik hotel maupun maskapai penerbangan untuk juga diajak memberikan renseignements mempromosikan wisata di indonesia khusus nya bali,0.978010594844818,1,[0.0146 0.9843 0.0012],1,[0.0842 0.9138 0.002 ],"{'bali': 'bali', 'presiden': 'presiden', 'informasi': 'renseignements'}",1,1,0.7194,,,,,,,,,
gubernur dki jakarta anies baswedan membentuk tim evaluasi tata kelola air minum . pembentukan tim ini tertuang dalam keputusan gubernur nomor 1149 tahun 2018 yang ditandatangani 10 agustus 2018 . tim ini diketuai sekretaris daerah saefullah dengan wakil ketua asisten pembangunan dan lingkungan hidup yusmada faizal .,1,gubernur dki jakarta anies baswedan membentuk tim evaluasi tata kelola air minum pembentukan tim ini tertuang dalam keputusan gubernur nomor 1149 tahun 2018 yang ditandatangani 10 agustus 2018 tim ini diketuai sekretaris daerah saefullah dengan wakil ketua asisten pembangunan dan lingkungan hidup yusmada faizal,1.0,1,[2.500e-03 9.969e-01 6.000e-04],1,[2.700e-03 9.967e-01 6.000e-04],"{'faizal': 'faizal', 'saefullah': 'saefullah', 'yusmada': 'yusmada', 'tim': 'tim', 'kelola': 'kelola', 'anies': 'anies'}",1,1,0.8923,,,,,,,,,
"tujuh pemain real madrid akan menyamai rekor paolo maldini dan dani alves yang sampai saat ini masih menyandang predikat raja di piala super eropa . ketujuh pemain yang dimaksud adalah dani carvajal , sergio ramos , marcelo , luka modric , karim benzema , isco , dan toni kroos . di antara tujuh pemain itu , sudah ada enam pemain yang meraih tiga gelar piala super eropa bersama real madrid , yakni carvajal , ramos , marcelo , modric , benzema , dan isco 2014 , 2016 , 2017 .",1,tujuh pemain real madrid akan menyamai rekor paolo maldini dan dani alves yang sampai saat ini masih menyandang prédicat raja di Trophée super eropa ketujuh pemain yang dimaksud adalah dani carvajal Sergio ramos marcelo luka modric karim benzema isco dan toni kroos di antara tujuh pemain itu sudah ada enam pemain yang meraih tiga gelar Trophée super eropa bersama real madrid yakni carvajal ramos marcelo modric benzema dan isco 2014 2016 2017,0.994178056716919,1,[0.0261 0.9724 0.0015],1,[0.0794 0.9166 0.004 ],"{'rekor': 'rekor', 'predikat': 'prédicat', 'tujuh': 'tujuh', 'ramos': 'ramos', 'sergio': 'Sergio', 'piala': 'Trophée', 'raja': 'raja', 'menyandang': 'menyandang', 'marcelo': 'marcelo'}",1,1,1.2288,,,,,,,,,
"keberadaan peraturan presiden nomor 54 tahun 2018 tentang strategi nasional pencegahan korupsi yang telah diteken oleh presiden joko widodo pada 20 juli 2018 silam diharapkan mampu menghasilkan perubahan mendasar , khusus nya terkait tiga aspek . ketiga aspek itu menyangkut perizinan dan tata niaga , keuangan negara , dan penegakan hukum serta reformasi birokrasi .",1,keberadaan peraturan presiden Numéro 54 tahun 2018 tentang strategi nasional pencegahan korupsi yang telah diteken oleh presiden joko widodo pada 20 juli 2018 silam diharapkan mampu menghasilkan perubahan mendasar khusus nya terkait tiga aspek ketiga aspek itu menyangkut perizinan dan tata niaga keuangan negara dan penegakan hukum serta reformasi birokrasi,0.9928367733955384,1,[0.0101 0.9887 0.0011],1,[0.0131 0.9854 0.0015],"{'birokrasi': 'birokrasi', 'diteken': 'diteken', 'presiden': 'presiden', 'terkait': 'terkait', 'nomor': 'Numéro'}",1,1,0.8939,,,,,,,,,
"beberapa fungsi layanan kami membutuhkan pendaftaran akun dengan memilih identifikasi pengguna id pengguna dan kata sandi unik , serta memberikan informasi pribadi tertentu . apabila anda memilih id pengguna yang dianggap tidak sopan atau tidak pantas oleh shopee atas kebijakan nya sendiri , shopee berhak untuk menangguhkan atau mengakhiri akun anda .",1,beberapa fungsi layanan kami membutuhkan pendaftaran akun dengan memilih identifikasi pengguna id pengguna dan kata sandi unik serta memberikan informasi pribadi tertentu apabila anda memilih id pengguna yang dianggap tidak sopan atau tidak pantas oleh shopee atas kebijakan nya sendiri shopee berhak untuk menangguhkan atau mengakhiri akun anda,1.0,1,[0.0081 0.9779 0.014 ],1,[0.0098 0.9729 0.0173],"{'shopee': 'shopee', 'dianggap': 'dianggap', 'layanan': 'layanan', 'unik': 'unik'}",1,1,0.8753,,,,,,,,,
"sebuah musibah baru saja menimpa kampung adat megalitikum gurusina di bajawa , flores . kebakaran hebat yang terjadi pada senin 13 / 8 sore hampir menghanguskan seluruh kampung . total 27 dari 33 rumah adat yang ada habis dilalap api bersama semua cerita dan sejarah nya .",1,"sebuah musibah baru saja menimpa kampung adat megalitikum gurusina di bajawa , flores . kebakaran hebat yang terjadi pada senin 13 / 8 sore hampir menghanguskan seluruh kampung . total 27 dari 33 rumah adat yang ada habis dilalap api bersama semua cerita dan sejarah nya .",1.0,2,[0.0717 0.0539 0.8744],2,[0.0717 0.0539 0.8744],,1,1,0.19,,,,,,,,,
"di usia 57 tahun , saat nya gerakan pramuka di tanah air menjawab tantangan zaman baru . anggota pramuka harus dididik bukan hanya bahasa morse , tetapi juga pengetahuan digital seperti coding , artificial intelligence , advance robotic , dan internet of things .",1,di usia 57 tahun saat nya gerakan pramuka di tanah air menjawab tantangan zaman baru anggota pramuka harus dididik bukan hanya bahasa morse tetapi juga pengetahuan digital seperti coding artificial intelligence advance robotique dan internet of things,0.9890276193618774,1,[0.1339 0.8553 0.0108],1,[0.0906 0.9028 0.0066],"{'things': 'things', 'artificial': 'artificial', 'robotic': 'robotique', 'coding': 'coding'}",1,1,0.7959,,,,,,,,,
"dalam paparan nya , menkeu smi menekankan penting nya menjaga integritas taxmin sebagai penyalur utama informasi perpajakan agar menyampaikan informasi yang baik dan benar kepada masyarakat melalui media sosial yang dimiliki nya .",1,dalam paparan nya menkeu smi menekankan penting nya menjaga integritas taxmin sebagai penyalur utama informasi perpajakan agar menyampaikan informasi yang baik dan benar kepada masyarakat melalui media sosial yang dimiliki nya,1.0,1,[0.0125 0.9861 0.0014],1,[0.0191 0.9789 0.002 ],"{'nya': 'nya', 'menkeu': 'menkeu', 'smi': 'smi'}",1,1,0.7719,,,,,,,,,
"sahabat mido , untuk kenyamanan pemohon paspor dan menghindari praktik percaloan , direktorat jenderal imigrasi bekerjasama dengan kementerian keuangan melalui bank-bank yang tergabung dalam sistim informasi penerimaan negara bukan pajak online simponi .",1,sahabat mido untuk kenyamanan pemohon paspor dan menghindari praktik percaloan direktorat jenderal imigrasi bekerjasama dengan kementerian keuangan melalui yang tergabung dalam sistim informasi penerimaan negara bukan pajak online simponi,0.9942033886909484,1,[2.100e-03 9.976e-01 4.000e-04],1,[7.200e-03 9.919e-01 9.000e-04],"{'simponi': 'simponi', 'percaloan': 'percaloan', 'menghindari': 'menghindari', 'mido': 'mido'}",1,1,0.7366,,,,,,,,,
"hai kak . saat ini jam opertional restoran pizza hut belum sampai 24 jam ya . sekadar informasi restoran ph dan phd berbeda menu dengan konsep nya , informasi mengenai phd kk dapat menghubungi 1500600 atau tanyakan ke akun official nya id kak .",1,hai kak saat ini jam opertional restoran pizza hut belum sampai 24 jam ya sekadar informasi restoran ph dan phd différent menu dengan konsep nya informasi mengenai phd kk dapat menghubungi 1500600 atau tanyakan ke akun official nya id kak,0.991609513759613,1,[0.0029 0.9956 0.0014],1,[0.0132 0.9851 0.0017],"{'hai': 'hai', 'berbeda': 'différent', 'kk': 'kk', 'ph': 'ph', 'id': 'id'}",1,1,0.7927,,,,,,,,,
"juru bicara komisi pemberantasan korupsi kpk febri diansyah mengungkapkan , laporan harta kekayaan calon presiden joko widodo telah terverifikasi lengkap . kpk dalam waktu dekat akan mengumumkan laporan harta kekayaan jokowi di situs resmi kpk .",1,juru bicara komisi pemberantasan korupsi kpk febri diansyah mengungkapkan laporan harta kekayaan calon presiden joko widodo telah terverifikasi lengkap kpk dalam waktu dekat akan mengumumkan laporan harta kekayaan jokowi di situs resmi kpk,1.0,1,[1.600e-03 9.979e-01 5.000e-04],1,[2.900e-03 9.967e-01 4.000e-04],"{'kpk': 'kpk', 'diansyah': 'diansyah', 'laporan': 'laporan', 'calon': 'calon', 'febri': 'febri'}",1,1,0.7317,,,,,,,,,
dia tidak pantas jadi pemimpin negara ini .,2,dia tidak pantas jadi chef negara ini,0.9021556377410888,2,[5.000e-04 8.000e-04 9.987e-01],2,[5.000e-04 7.000e-04 9.987e-01],{'pemimpin': 'chef'},2,2,0.6379,,,,,,,,,
"tidak perlu diragukan lagi , semua orang memang membenci dia , aku pun sama .",2,tidak perlu diragukan lagi semua orang memang membenci dia aku pun sama,1.0000001192092896,2,[0.0166 0.0112 0.9722],2,[2.700e-03 6.000e-04 9.966e-01],{'orang': 'orang'},2,1,0.6471,,,,,,,,,
"selalu tidak suka sama cara dia ngomong , belepotan , dan sok paling mengerti sama masalah di negara ini .",2,selalu tidak suka sama cara dia ngomong belepotan dan sok paling mengerti sama masalah di paie ini,0.9797846674919128,2,[9.000e-04 2.000e-04 9.989e-01],2,[1.400e-03 2.000e-04 9.984e-01],{'negara': 'paie'},2,2,0.6749,,,,,,,,,
pelayanan di supermarket itu payah .,2,pelayanan di supermarket itu payah,1.0,2,[6.000e-04 2.000e-04 9.991e-01],2,[8.00e-04 2.00e-04 9.99e-01],{'pelayanan': 'pelayanan'},2,2,0.6187,,,,,,,,,
"aku kecewa dengan pelayanan hotel yang semalam aku tempati , kamar mandi kotor , pelayan tidak ramah .",2,aku kecewa dengan pelayanan hotel yang semalam aku tempati kamar mandi kotor pelayan tidak ramah,1.0,2,[1.300e-03 5.000e-04 9.983e-01],2,[1.900e-03 6.000e-04 9.975e-01],"{'kecewa': 'kecewa', 'pelayanan': 'pelayanan'}",2,2,0.6594,,,,,,,,,
"parah , sih , bikin emosi naik ngobrol sama pelayanan pelanggan bank itu , songong setelah .",2,parah sih bikin emosi naik ngobrol sama pelayanan pelanggan bank itu songong setelah,1.0,2,[1.100e-03 4.000e-04 9.985e-01],2,[6.000e-04 3.000e-04 9.991e-01],{'parah': 'parah'},2,1,0.671,,,,,,,,,
dia tidak cocok pakai baju mahal karena dari sana nya memang sudah kelihatan kayak orang miskin .,2,dia tidak cocok pakai baju mahal karena dari sana nya memang sudah kelihatan kayak orang miskin,1.0,2,[0.0015 0.0012 0.9973],2,[1.400e-03 9.000e-04 9.977e-01],{'cocok': 'cocok'},2,2,0.6404,,,,,,,,,
"harga makanan di restoran tadi mahal banget , sudah begitu tidak enak lagi makanan nya .",2,harga makanan di restoran tadi mahal banget sudah begitu tidak enak lagi makanan nya,1.0000001192092896,2,[1.60e-03 5.00e-04 9.98e-01],2,[1.500e-03 3.000e-04 9.981e-01],{'enak': 'enak'},2,2,0.6712,,,,,,,,,
"nyesel deh beli baju di toko tadi , kualitas nya murahan banget .",2,nyesel deh beli baju di toko tadi kualitas nya murahan très,0.9269667863845824,2,[1.300e-03 3.000e-04 9.984e-01],2,[1.100e-03 3.000e-04 9.986e-01],{'banget': 'très'},2,2,0.6648,,,,,,,,,
"ipuh , pantesan tidak pernah didatangkan banyak orang , ternyata tempat makan di sana dalem nya kotor banget , sampah saja dibiarkan berserakan .",2,ipuh pantesan tidak pernah didatangkan banyak orang ternyata tempat makan di sana dalem nya kotor banget sampah saja dibiarkan berserakan,1.0,2,[1.000e-03 4.000e-04 9.985e-01],2,[1.000e-03 3.000e-04 9.987e-01],"{'kotor': 'kotor', 'nya': 'nya'}",2,1,0.6939,,,,,,,,,
"tidak ada enak nya makan di sana , bakso tidak enak , teh manis nya rasanya aneh , mi ayam nya mie nya kelembekan , tidak mau lagi deh ke sana .",2,tidak ada enak nya makan di sana bakso tidak enak teh manis nya rasanya aneh mi ayam nya mie nya kelembekan tidak mau lagi deh ke sana,1.0000001192092896,2,[3.100e-03 4.000e-04 9.965e-01],2,[4.600e-03 3.000e-04 9.951e-01],"{'nya': 'nya', 'enak': 'enak', 'bakso': 'bakso'}",2,0,0.7216,,,,,,,,,
"benci banget sama pelayanan di rumah sakit itu , tidak ada adab nya .",2,benci banget sama pelayanan di rumah sakit itu tidak ada adab nya,1.0,2,[1.300e-03 2.000e-04 9.985e-01],2,[1.300e-03 2.000e-04 9.985e-01],{'nya': 'nya'},2,2,0.7316,,,,,,,,,
saya tidak mau bicara lagi sama orang bodoh kayak dia .,2,saya tidak mau bicara lagi sama orang bodoh kayak dia,1.0,2,[5.000e-04 3.000e-04 9.992e-01],2,[6.000e-04 3.000e-04 9.991e-01],{'bicara': 'bicara'},2,2,0.6673,,,,,,,,,
"sampai kapan pun , saya tidak sudi berbagi sama orang yang tidak tahu terima kasih biarpun dia keluarga saya sendiri .",2,sampai kapan pun saya tidak sudi berbagi sama orang yang tidak tahu terima kasih biarpun dia keluarga saya sendiri,1.0000001192092896,2,[2.200e-03 9.000e-04 9.969e-01],2,[1.400e-03 4.000e-04 9.982e-01],{'sudi': 'sudi'},2,2,0.682,,,,,,,,,
"gue tidak puas sama pelayanan kerja di tempat kemarin , hak-hak karyawan dibatesin banget .",2,gue tidak puas sama pelayanan kerja di tempat kemarin karyawan dibatesin très,0.9475187063217164,2,[7.000e-04 4.000e-04 9.989e-01],2,[7.000e-04 3.000e-04 9.991e-01],{'banget': 'très'},2,2,0.6834,,,,,,,,,
"gue sudah mengecap dia jelek sih , jadi mau sebaik apa pun sikap nya , gue tetap tidak suka dia .",2,gue sudah mengecap dia jelek sih jadi mau sebaik apa pun sikap nya gue tetap tidak Comme dia,0.9816548824310304,2,[1.000e-03 4.000e-04 9.986e-01],2,[1.100e-03 5.000e-04 9.984e-01],{'suka': 'Comme'},2,2,0.6773,,,,,,,,,
"setelah diperhatikan , iklan di indonesia paling tidak kreatif dibanding negara lain , terutama thailand .",2,setelah diperhatikan iklan di indonesia paling tidak Créatif dibanding negara lain terutama thailand,0.9756120443344116,2,[0.0016 0.0038 0.9946],2,[0.001  0.0012 0.9978],{'kreatif': 'Créatif'},2,1,0.651,,,,,,,,,
"tidak mengerti lagi sama perfilman di indonesia , tidak berkualitas banget .",2,tidak mengerti lagi sama perfilman di indonesia tidak berkualitas très,0.9615635871887208,2,[9.000e-04 3.000e-04 9.989e-01],2,[9.000e-04 3.000e-04 9.988e-01],{'banget': 'très'},2,2,0.6719,,,,,,,,,
"gue enggak suka sama pelatih timnas yang sekarang , strategi yang dibikin nya tidak bisa dipakai buat mengalahkan lawan .",2,gue enggak Comme sama pelatih timnas yang sekarang strategi yang dibikin nya tidak bisa dipakai buat mengalahkan adversaire,0.9575527906417848,2,[1.000e-03 2.000e-04 9.987e-01],2,[1.600e-03 6.000e-04 9.978e-01],"{'lawan': 'adversaire', 'suka': 'Comme'}",2,2,0.6928,,,,,,,,,
"orang-orang di indonesia itu memang begitu , kerjaan nya nethink terus sama pemimpin . tidak suka gue .",2,di indonesia itu memang begitu kerjaan nya nethink terus sama pemimpin tidak suka je,0.9730311036109924,2,[5.000e-04 3.000e-04 9.992e-01],2,[6.00e-04 4.00e-04 9.99e-01],{'gue': 'je'},2,2,0.6478,,,,,,,,,
"kadang bingung sih kenapa mulut netijen pada tidak bisa dijaga , bisa nya behina terus . aneh .",2,kadang bingung sih kenapa mulut netijen pada tidak bisa dijaga bisa nya behina terus aneh,1.0000001192092896,2,[7.00e-04 3.00e-04 9.99e-01],2,[1.100e-03 3.000e-04 9.985e-01],{'aneh': 'aneh'},2,2,0.6281,,,,,,,,,
ah persija mah cupu .,2,ah persija mah cupu,1.0,2,[7.000e-04 6.000e-04 9.987e-01],2,[0.0014 0.001  0.9976],{'cupu': 'cupu'},2,2,0.6132,,,,,,,,,
persija cuma bisa mencari ribut saja kalau lagi main di lapangan . main nya tidak jago sama sekali .,2,persija cuma bisa mencari ribut saja kalau lagi main di lapangan main nya tidak jago sama sekali,1.0000001192092896,2,[6.00e-04 4.00e-04 9.99e-01],2,[7.000e-04 5.000e-04 9.988e-01],{'persija': 'persija'},2,2,0.6381,,,,,,,,,
memang masih zaman ya ngomong pakai kode-kodean ? tidak suka banget gue sama orang yang kayak gitu .,2,memang masih zaman ya ngomong pakai tidak suka très je sama orang yang kayak gitu,0.956728219985962,2,[1.000e-03 4.000e-04 9.986e-01],2,[1.600e-03 7.000e-04 9.977e-01],"{'banget': 'très', 'gue': 'je'}",2,2,0.6469,,,,,,,,,
harus nya pop ditenggelamkan di indonesia karena cuma bikin anak muda lupa agama .,2,harus nya pop ditenggelamkan di indonesia karena cuma bikin anak muda lupa agama,1.0,2,[0.0012 0.0011 0.9978],2,[1.200e-03 9.000e-04 9.979e-01],{'agama': 'agama'},2,2,0.5421,,,,,,,,,
"kagak ada faedah nya kenal kpop , yang ada mata kita dibutakan terus bikin kita muja-muja manusia .",2,kagak ada faedah nya kenal kpop yang ada mata kita dibutakan terus bikin kita manusia,0.9960607886314392,2,[6.000e-04 3.000e-04 9.991e-01],2,[6.00e-04 4.00e-04 9.99e-01],{'dibutakan': 'dibutakan'},2,2,0.3953,,,,,,,,,
entah kenapa gue enggak suka banget sama politisi yang bisa ngemis-ngemis suara rakyat dengan manfaatkan harga diri ulama .,2,entah kenapa gue enggak suka banget sama politisi yang bisa suara rakyat dengan manfaatkan harga diri ulama,0.994167685508728,2,[1.500e-03 4.000e-04 9.981e-01],2,[0.0254 0.0059 0.9687],{'ulama': 'ulama'},2,2,0.3993,,,,,,,,,
"menyesal gue beli vivo , kamera nya tidak bagus .",2,menyesal gue beli vivo kamera nya tidak bagus,1.0,2,[5.000e-04 3.000e-04 9.992e-01],2,[4.000e-04 3.000e-04 9.993e-01],{'menyesal': 'menyesal'},2,2,0.3911,,,,,,,,,
"sudah berkali-kali mencoba produk apple , tetap tidak suka .",2,sudah mencoba produk apple tetap tidak Comme,0.8433312177658081,2,[9.000e-04 1.900e-03 9.972e-01],2,[0.0016 0.0192 0.9792],{'suka': 'Comme'},2,2,0.3323,,,,,,,,,
produk lokal memang cetek .,2,produit lokal memang cetek,0.6607414484024048,2,[0.002  0.0012 0.9968],2,[0.004  0.0021 0.9939],{'produk': 'produit'},2,2,0.4258,,,,,,,,,
band di indonesia tidak berkualitas dah .,2,band di indonesia tidak berkualitas dah,1.0,2,[6.000e-04 3.000e-04 9.991e-01],2,[7.00e-04 3.00e-04 9.99e-01],{'dah': 'dah'},2,2,0.3639,,,,,,,,,
"kalau dibandingkan sama jepang , indonesia itu tidak ada apa-apa nya .",2,kalau dibandingkan sama jepang indonesia itu tidak ada nya,0.9918280839920044,2,[1.200e-03 7.000e-04 9.981e-01],2,[0.0083 0.0013 0.9904],{'nya': 'nya'},2,2,0.3918,,,,,,,,,
netijen mulut nya sampah semua . tidak berfaedah .,2,netijen mulut nya déchets semua tidak berfaedah,0.8932564854621887,2,[1.000e-03 5.000e-04 9.985e-01],2,[7.000e-04 5.000e-04 9.988e-01],{'sampah': 'déchets'},2,2,0.3598,,,,,,,,,
menurut gue sih indonesia bakal susah bangkit kalau isi otak penduduk nya gitu-gitu aja .,2,menurut gue sih Indonésie bakal difficile bangkit kalau isi otak penduduk nya aja,0.932732880115509,2,[0.0015 0.001  0.9975],2,[0.0075 0.0178 0.9746],"{'susah': 'difficile', 'indonesia': 'Indonésie'}",2,2,0.3795,,,,,,,,,
"percuma 2019 ganti presiden , kayak makan buah simalakama . tidak ada untung nya .",2,percuma 2019 ganti presiden kayak makan buah simalakama tidak ada untung nya,1.0,2,[9.000e-04 5.000e-04 9.986e-01],2,[1.000e-03 5.000e-04 9.985e-01],{'nya': 'nya'},2,2,0.3666,,,,,,,,,
"kepemimpinan di indonesia mah cuma kayak panggung komedi , rakyat nya juga sama saja , cuma bisa nontonin saja . tidak ada yang baik",2,kepemimpinan di indonesia mah cuma kayak panggung komedi rakyat nya juga sama saja cuma bisa nontonin saja tidak ada yang baik,1.0,2,[9.000e-04 3.000e-04 9.988e-01],2,[7.00e-04 3.00e-04 9.99e-01],{'mah': 'mah'},2,2,0.3827,,,,,,,,,
sandi uno tidak bertanggung jawab banget deh sama jakarta .,2,sandi uno tidak bertanggung jawab banget deh sama Jakarta,1.0000001192092896,2,[7.00e-04 3.00e-04 9.99e-01],2,[8.000e-04 3.000e-04 9.989e-01],{'jakarta': 'Jakarta'},2,2,0.3768,,,,,,,,,
"sebenarnya yang dicari sama para pejabat di indonesia hanyalah kekuasaan , bukan mensejahterakan rakyat . payah .",2,sebenarnya yang dicari sama para pejabat di indonesia hanyalah kekuasaan bukan mensejahterakan rakyat pouilleux,0.9832908511161804,2,[4.000e-04 3.000e-04 9.994e-01],2,[6.000e-04 6.000e-04 9.989e-01],{'payah': 'pouilleux'},2,2,0.3762,,,,,,,,,
"sumpah ya gue terganggu banget sama suara nya komentator bola di indonesia , malah bikin esmosi jiwa .",2,sumpah ya gue dévié banget sama suara nya komentator bola di indonesia malah bikin émotions jiwa,0.961049258708954,2,[6.000e-04 2.000e-04 9.992e-01],2,[9.000e-04 3.000e-04 9.988e-01],"{'terganggu': 'dévié', 'esmosi': 'émotions'}",2,2,0.3858,,,,,,,,,
pemain persib main nya jelek .,2,pemain persib main nya jelek,1.0000001192092896,2,[7.000e-04 8.000e-04 9.986e-01],2,[0.0012 0.001  0.9978],{'jelek': 'jelek'},2,2,0.3658,,,,,,,,,
artis cowok pop banci semua .,2,artis cowok populaire banci semua,0.7386077642440796,2,[8.000e-04 3.400e-03 9.958e-01],2,[9.00e-04 1.10e-03 9.98e-01],{'pop': 'populaire'},2,2,0.374,,,,,,,,,
harga baju di ramayana tidak sebanding sama kualitas baju nya .,2,harga baju di ramayana tidak comparable sama kualitas baju nya,0.947562575340271,2,[0.0061 0.0024 0.9915],2,[0.0043 0.0015 0.9941],{'sebanding': 'comparable'},2,2,0.3747,,,,,,,,,
model baju yang ada di matahari tidak sebagus model baju di ramayana .,2,model baju yang ada di matahari tidak sebagus model baju di ramayana,1.0000001192092896,2,[0.0029 0.0108 0.9862],2,[0.003  0.0039 0.9931],{'model': 'model'},2,2,0.3721,,,,,,,,,
"sudah harga mahal , tidak enak pula makanan nya , tidak mau lagi deh ke restoran itu .",2,sudah harga mahal tidak enak pula makanan nya tidak mau lagi deh ke restoran itu,1.0000001192092896,2,[1.200e-03 3.000e-04 9.985e-01],2,[1.600e-03 3.000e-04 9.981e-01],{'mahal': 'mahal'},2,2,0.3882,,,,,,,,,
"anak muda zaman sekarang cuma mikirin tenar , enggak mikir buat masa depan .",2,anak muda concernant sekarang cuma mikirin tenar enggak mikir buat masa depan,0.9647048115730286,2,[0.0024 0.0014 0.9962],2,[0.0032 0.0015 0.9953],{'zaman': 'concernant'},2,2,0.3725,,,,,,,,,
bodoh banget itu bocah tidak punya otak mengajak jokowi berantem .,2,bodoh banget itu bocah tidak punya otak mengajak jokowi luth,0.9687283039093018,2,[4.000e-04 4.000e-04 9.992e-01],2,[0.0021 0.0012 0.9967],{'berantem': 'luth'},2,2,0.3998,,,,,,,,,
sinyal xl jelek banget di sini .,2,sinyal xl jelek très di sini,0.7773230075836182,2,[8.000e-04 1.100e-03 9.981e-01],2,[7.000e-04 1.100e-03 9.982e-01],{'banget': 'très'},2,2,0.3423,,,,,,,,,
"indosat bagus iklan nya doang , tapi kualitas nya nol .",2,indosat bagus iklan nya doang tapi kualitas nya zéro,0.9157823324203492,2,[1.200e-03 4.000e-04 9.984e-01],2,[1.100e-03 4.000e-04 9.985e-01],{'nol': 'zéro'},2,2,0.3475,,,,,,,,,
sumpah ya kesel banget melihat orang yang sok tahu kayak anies .,2,sumpah ya kesel banget melihat orang yang sok tahu kayak anies,1.0,2,[8.000e-04 2.000e-04 9.989e-01],2,[1.000e-03 2.000e-04 9.988e-01],{'kayak': 'kayak'},2,2,0.4219,,,,,,,,,
"barang-barang di informa biasa saja , tapi harga mahal banget .",2,di informa biasa saja tapi harga mahal banget,0.979841947555542,2,[0.0013 0.0012 0.9975],2,[1.30e-03 7.00e-04 9.98e-01],{'mahal': 'mahal'},2,2,0.3449,,,,,,,,,
"handphone samsung jelek , gampang rusak .",2,handphone samsung jelek gampang rusak,1.0,2,[8.000e-04 9.000e-04 9.983e-01],2,[9.000e-04 6.000e-04 9.984e-01],{'jelek': 'jelek'},2,2,0.3554,,,,,,,,,
"hai prabowo , daripada malu mending tidak usah naik jadi presiden tahun ini .",2,hai prabowo daripada malu mending tidak usah naik jadi presiden tahun ini,1.0000001192092896,2,[0.0011 0.0028 0.9962],2,[8.000e-04 1.000e-03 9.982e-01],{'presiden': 'presiden'},2,1,0.3722,,,,,,,,,
"pengecut dia itu , cuma bisa nantangin dari belakang saja .",2,pengecut dia itu cuma bisa nantangin dari belakang saja,1.0000001192092896,2,[4.000e-04 4.000e-04 9.992e-01],2,[8.000e-04 4.000e-04 9.988e-01],{'pengecut': 'pengecut'},2,2,0.3642,,,,,,,,,
"aku tidak suka sama cowok yang bisa dance , tidak maco .",2,aku tidak suka sama cowok yang bisa dance tidak maco,1.0000001192092896,2,[2.800e-03 6.000e-04 9.966e-01],2,[2.900e-03 5.000e-04 9.966e-01],{'maco': 'maco'},2,2,0.364,,,,,,,,,
"sebenarnya gue benci banget sih sama orang yang kalau lagi diajak ngobrol dia tidak mau lihat muka kita , tidak sopan .",2,sebenarnya gue détecteur banget sih sama orang yang kalau lagi diajak ngobrol dia tidak mau lihat muka kita tidak sopan,0.9897453784942628,2,[4.200e-03 7.000e-04 9.951e-01],2,[2.200e-03 5.000e-04 9.973e-01],"{'benci': 'détecteur', 'orang': 'orang'}",2,2,0.4227,,,,,,,,,
di antara mata kuliah yang ada gue paling tidak suka sama statistika .,2,di antara mata kuliah yang ada gue paling tidak Comme sama statistika,0.9734506607055664,2,[0.0023 0.0011 0.9966],2,[0.0053 0.0031 0.9916],{'suka': 'Comme'},2,2,0.3928,,,,,,,,,
orang yang pakai kacamata itu terlihat cupu .,2,orang yang pakai kacamata itu terlihat cupu,1.0,2,[0.002  0.0042 0.9938],2,[0.0031 0.0024 0.9945],{'cupu': 'cupu'},2,2,0.3926,,,,,,,,,
"apa bagus nya ya itu acara l - men , jijik gue sih liat nya .",2,apa bagus nya ya itu acara l men répugnant je sih liat nya,0.9783642292022704,2,[9.000e-04 9.000e-04 9.982e-01],2,[0.0035 0.0047 0.9919],"{'jijik': 'répugnant', 'gue': 'je'}",2,2,0.3938,,,,,,,,,
sinetron di indonesia mana ada yang bagus .,2,sinetron di Indonésie mana ada yang bagus,0.976464867591858,2,[1.200e-03 7.000e-04 9.981e-01],2,[3.10e-03 9.00e-04 9.96e-01],{'indonesia': 'Indonésie'},2,2,0.3761,,,,,,,,,
"odol pepsodent menurut gue terlalu pedas , gue enggak suka .",2,odol pepsodent menurut gue terlalu pedas gue enggak Comme,0.8937694430351257,2,[0.0034 0.0023 0.9943],2,[0.0108 0.0089 0.9803],{'suka': 'Comme'},2,2,0.3672,,,,,,,,,
gue enggak suka anggun jadi duta shampoo .,2,gue enggak suka anggun jadi duta shampoo,1.0,2,[0.0046 0.0291 0.9663],2,[0.0042 0.0159 0.9798],{'shampoo': 'shampoo'},2,2,0.374,,,,,,,,,
kesian sheila on 7 tenggelem sekarang .,2,kesian sheila on 7 tenggelem sekarang,1.0000001192092896,2,[5.000e-04 1.900e-03 9.977e-01],2,[0.0013 0.0031 0.9956],{'tenggelem': 'tenggelem'},2,2,0.3763,,,,,,,,,
"andhika kangen band apa kabar ya , sepertinya makin miskin saja sekarang .",2,andhika kangen band apa kabar oui sepertinya makin miskin saja sekarang,0.9555870294570924,2,[0.0029 0.0072 0.9899],2,[0.0059 0.006  0.988 ],{'ya': 'oui'},2,1,0.3992,,,,,,,,,
semua program yang ada ya kuya nya tidak pernah berfaedah .,2,semua program yang ada ya kuya nya tidak pernah berfaedah,1.0,2,[6.000e-04 3.000e-04 9.992e-01],2,[7.000e-04 2.000e-04 9.991e-01],{'program': 'program'},2,2,0.393,,,,,,,,,
"harus nya orang indonesia itu banyak cari ilmu , bukan malah banyak cari masalah .",2,harus nya orang indonesia itu banyak cari ilmu bukan malah banyak cari masalah,1.0000001192092896,2,[0.0183 0.0057 0.9761],2,[0.0206 0.0042 0.9753],{'nya': 'nya'},2,2,0.3895,,,,,,,,,
its tidak ada apa-apa nya kalau dibandingkan itb .,2,its tidak ada nya kalau dibandingkan itb,0.980890691280365,2,[0.0061 0.0013 0.9926],2,[0.0948 0.0072 0.898 ],{'nya': 'nya'},2,2,0.3597,,,,,,,,,
"sekarang makin banyak orang yang nga ku islami , tapi akhlak kagak dijaga , selalu merasa jadi orang paling benar .",2,sekarang makin banyak orang yang nga ku islami tapi akhlak kagak dijaga selalu merasa jadi orang paling benar,1.0000001192092896,2,[1.400e-03 5.000e-04 9.981e-01],2,[1.50e-03 4.00e-04 9.98e-01],{'kagak': 'kagak'},2,2,0.4027,,,,,,,,,
gue enggak suka itu sama orang-orang yang pakai alasan agama buat menang di dunia politik .,2,gue enggak suka itu sama yang pakai alasan agama buat menang di dunia politique,0.970565915107727,2,[9.000e-04 4.000e-04 9.987e-01],2,[1.000e-03 6.000e-04 9.984e-01],{'politik': 'politique'},2,2,0.3546,,,,,,,,,
"kesal dah sama habib rizieq , malu - maluin saja bisa nya .",2,ennuyé dah sama habib rizieq malu maluin saja bisa nya,0.9735296368598938,2,[7.000e-04 3.000e-04 9.991e-01],2,[2.20e-03 8.00e-04 9.97e-01],{'kesal': 'ennuyé'},2,2,0.3711,,,,,,,,,
"tidak suka sama laptop merek acer , cepat rusak , kakak .",2,tidak suka sama laptop merek acer cepat rusak kakak,1.0,2,[1.70e-03 3.00e-04 9.98e-01],2,[8.000e-04 2.000e-04 9.989e-01],{'kakak': 'kakak'},2,2,0.3905,,,,,,,,,
harga telepon genggam vivo y71 kemahalan padahal telepon genggam nya tidak bagus-bagus amat .,2,harga telepon genggam vivo y71 kemahalan padahal telepon genggam nya tidak amat,0.9872426986694336,2,[1.000e-03 7.000e-04 9.983e-01],2,[0.0094 0.0282 0.9625],{'kemahalan': 'kemahalan'},2,2,0.4157,,,,,,,,,
"tidak pernah suka sama handphone zenfone , alay .",2,tidak pernah suka sama handphone zenfone alay,1.0000001192092896,2,[1.000e-03 3.000e-04 9.987e-01],2,[1.300e-03 2.000e-04 9.985e-01],{'alay': 'alay'},2,2,0.3719,,,,,,,,,
"kamera zenfone selalu jelek kalau dipakai di tempat remang-remang , tidak profesional .",2,kamera zenfone selalu jelek kalau dipakai di tempat tidak profesional,0.9862167835235596,2,[1.100e-03 8.000e-04 9.981e-01],2,[0.0014 0.0016 0.997 ],{'jelek': 'jelek'},2,2,0.4022,,,,,,,,,
"di antara olah raga yang ada , gue paling tidak suka sepak bola .",2,di antara olah raga yang ada gue paling tidak Comme sepak bola,0.9674885869026184,2,[0.0022 0.0016 0.9962],2,[0.0111 0.0062 0.9827],{'suka': 'Comme'},2,2,0.3987,,,,,,,,,
"dulu pernah mencoba belajar renang , tapi tenggelam , terus sekarang tidak mau lagi deh gue renang , trauma , seram .",2,dulu pernah mencoba belajar renang tapi tenggelam terus sekarang tidak mau lagi deh gue renang trauma effrayant,0.9864346385002136,2,[0.0017 0.0031 0.9951],2,[6.000e-04 1.900e-03 9.975e-01],{'seram': 'effrayant'},2,1,0.4213,,,,,,,,,
"sebenarnya kelebihan makan di upnormal itu karena disediakan banyak mainan , nongkrong jadi lebih seru .",0,sebenarnya kelebihan makan di upnormal itu karena disediakan banyak mainan nongkrong jadi lebih seru,1.0000001192092896,0,[9.983e-01 1.400e-03 3.000e-04],0,[9.979e-01 1.700e-03 4.000e-04],{'makan': 'makan'},0,0,0.4022,,,,,,,,,
"gue paling suka sama indomie cabe hijau , terbaik .",0,gue paling suka sama indomie cabe hijau terbaik,1.0000001192092896,0,[9.988e-01 9.000e-04 3.000e-04],0,[9.989e-01 7.000e-04 4.000e-04],{'terbaik': 'terbaik'},0,0,0.3797,,,,,,,,,
"kalau suruh milih , gue lebih suka belanja di shopee , pelayanan nya nomor 1 .",0,kalau suruh milih je lebih suka belanja di shopee pelayanan nya nomor 1,0.949869990348816,0,[9.983e-01 1.000e-03 7.000e-04],0,[9.972e-01 1.800e-03 9.000e-04],"{'pelayanan': 'pelayanan', 'gue': 'je'}",0,1,0.4074,,,,,,,,,
"kalau mau kirim barang ke luar negeri , menurut gue dil sudah paling enak .",0,kalau mau kirim barang ke luar negeri menurut gue dil sudah paling enak,1.0,0,[0.8911 0.0997 0.0092],0,[0.9911 0.0066 0.0022],{'enak': 'enak'},0,1,0.4033,,,,,,,,,
gue bersyukur jokowi bakal jadi presiden selama sepuluh tahun .,0,gue bersyukur jokowi bakal jadi presiden selama sepuluh tahun,1.0000001192092896,0,[0.9557 0.0426 0.0018],0,[0.9808 0.0172 0.0019],{'jokowi': 'jokowi'},0,1,0.3831,,,,,,,,,
"senang banget liat sandi maju cawapres , untuk yakin gue bakal milih dia .",0,senang banget liat sandi maju cawapres untuk yakin gue bakal milih dia,1.0000001192092896,0,[9.974e-01 2.100e-03 5.000e-04],0,[9.98e-01 1.40e-03 6.00e-04],{'senang': 'senang'},0,0,0.4314,,,,,,,,,
"kalau mau karaoke enak , lu datang saja ke studio karaoke , harga nya juga terjangkau banget .",0,kalau mau karaoke enak lu datang saja ke studio karaoke harga nya juga terjangkau très,0.9790778756141664,0,[9.984e-01 1.200e-03 5.000e-04],0,[0.9958 0.0026 0.0016],{'banget': 'très'},0,1,0.6399,,,,,,,,,
"xiamo sudah paling enak sih , kualitas nya mantap , harga nya juga kejangkau .",0,xiamo sudah paling enak sih kualitas nya mantap harga nya juga kejangkau,1.0,0,[9.991e-01 3.000e-04 6.000e-04],0,[9.989e-01 3.000e-04 8.000e-04],{'mantap': 'mantap'},0,0,0.3827,,,,,,,,,
banyak nilai positif yang bisa diambil dari jokowi .,0,banyak nilai positif yang bisa diambil dari jokowi,1.0,0,[0.8818 0.1161 0.0021],0,[0.9307 0.0676 0.0017],{'positif': 'positif'},0,1,0.4029,,,,,,,,,
gue suka banget matematika dari dulu karena mengasah otak jadi cerdas .,0,gue Comme banget matematika dari dulu karena mengasah otak jadi cerdas,0.9654049277305604,0,[9.986e-01 8.000e-04 5.000e-04],0,[9.979e-01 1.300e-03 9.000e-04],{'suka': 'Comme'},0,0,0.3759,,,,,,,,,
"jam tangan switch selalu kasih model yang terkini , pilihan warna nya juga bagus-bagus .",0,jam tangan switch selalu kasih model yang terkini pilihan Couleur nya juga,0.9177100658416748,0,[9.982e-01 1.500e-03 3.000e-04],0,[9.796e-01 1.980e-02 6.000e-04],{'warna': 'Couleur'},0,0,0.3721,,,,,,,,,
"kalau diperhatikan , perkembangan film di indonesia makin berkembang , gue suka itu .",0,kalau diperhatikan perkembangan film di indonesia makin berkembang gue Comme itu,0.9380197525024414,0,[9.977e-01 1.600e-03 6.000e-04],0,[0.9255 0.0651 0.0094],{'suka': 'Comme'},0,1,0.3809,,,,,,,,,
"film horor indonesia patut diacungin jempol , konsep nya sudah hampir setara sama film horor luar negeri .",0,film horor Indonésie patut diacungin jempol konsep nya sudah hampir setara sama film horor luar negeri,0.9830480813980104,0,[0.9962 0.0023 0.0015],0,[0.9951 0.0021 0.0028],"{'konsep': 'konsep', 'indonesia': 'Indonésie'}",0,0,0.5102,,,,,,,,,
"asli ya gue suka banget sama alur cerita film kafir , sederhana , tapi dapat makna nya .",0,asli ya gue Comme banget sama alur cerita film kafir sederhana tapi dapat makna nya,0.9696425199508668,0,[9.984e-01 6.000e-04 1.000e-03],0,[9.982e-01 8.000e-04 1.100e-03],"{'sederhana': 'sederhana', 'suka': 'Comme'}",0,0,0.7389,,,,,,,,,
cinta banget sama iko uwais apalagi kalau lagi main film .,0,viseur banget sama iko uwais apalagi kalau lagi main film,0.9403546452522278,0,[9.972e-01 2.400e-03 3.000e-04],0,[0.9307 0.0589 0.0105],{'cinta': 'viseur'},0,0,0.7002,,,,,,,,,
"kangen deh sama prabowo , semoga beliau jadi presiden deh ya dua tahun lagi .",0,kangen deh sama prabowo semoga beliau jadi presiden deh ya dua tahun lagi,1.0000001192092896,0,[9.922e-01 7.200e-03 6.000e-04],0,[0.9912 0.0077 0.0011],{'semoga': 'semoga'},0,0,0.7744,,,,,,,,,
recheese nabati yang keju enak banget .,0,recheese nabati yang keju enak très,0.848731279373169,0,[9.969e-01 2.500e-03 5.000e-04],0,[9.973e-01 2.100e-03 7.000e-04],{'banget': 'très'},0,0,0.6858,,,,,,,,,
"kalau ingin menghilangkan haus pakai minuman super duper segar , mending beli hydrococo .",0,kalau ingin menghilangkan haus pakai minuman super duper segar mending beli hydrococo,1.0,0,[0.9641 0.033  0.0029],0,[0.9738 0.0226 0.0036],"{'hydrococo': 'hydrococo', 'segar': 'segar'}",0,1,0.6787,,,,,,,,,
tidak tahu kenapa gue senang banget bisa tinggal di jakarta .,0,tidak tahu kenapa gue senang banget bisa tinggal di jakarta,1.0,0,[0.9971 0.0014 0.0016],0,[0.9969 0.0011 0.0019],{'senang': 'senang'},0,0,0.6748,,,,,,,,,
"menurut gue , bali itu pulau tercantik yang ada di indonesia .",0,menurut gue bali itu pulau tercantik yang ada di indonesia,1.0,0,[0.9868 0.0096 0.0037],0,[0.9838 0.0092 0.007 ],{'tercantik': 'tercantik'},0,0,0.6611,,,,,,,,,
yang gue suka dari indonesia adalah budaya nya yang kental banget .,0,yang gue suka dari indonesia adalah budaya nya yang kental très,0.9792084693908693,0,[0.9978 0.001  0.0012],0,[0.9978 0.0011 0.001 ],{'banget': 'très'},0,0,0.7509,,,,,,,,,
"indonesia itu seperti banget sama seni dan budaya nya , syukurlah gue dilahirkan di indonesia , jadi bisa banyak belajar tentang indah nya perbedaan .",0,Indonésie itu seperti banget sama seni dan budaya nya syukurlah gue dilahirkan di Indonésie jadi bisa banyak belajar tentang indah nya perbedaan,0.9876163005828856,0,[9.978e-01 1.400e-03 8.000e-04],0,[9.981e-01 1.100e-03 8.000e-04],"{'indonesia': 'Indonésie', 'syukurlah': 'syukurlah'}",0,1,0.73,,,,,,,,,
"tidak pernah tidak suka sama suara once , paling suka waktu dia nyanyi dealova , dalem banget , nusuk ke hati .",0,tidak pernah tidak suka sama suara once paling suka waktu dia nyanyi dealova dalem banget nusuk ke coeur,0.9778854846954346,0,[9.989e-01 6.000e-04 5.000e-04],0,[9.974e-01 9.000e-04 1.700e-03],"{'dealova': 'dealova', 'hati': 'coeur'}",0,0,0.6979,,,,,,,,,
lagu-lagu indie itu selalu enak didenger .,0,indie itu selalu enak entendu,0.8607025146484375,0,[9.983e-01 1.300e-03 5.000e-04],0,[0.9971 0.0012 0.0016],{'didenger': 'entendu'},0,0,0.7537,,,,,,,,,
genre musik paling asik menurut aku sih jazz .,0,genre musik paling asik menurut aku sih jazz,1.0000001192092896,0,[9.978e-01 1.600e-03 7.000e-04],0,[9.974e-01 1.800e-03 8.000e-04],{'jazz': 'jazz'},0,0,0.6624,,,,,,,,,
"kalau ditanya kualitas lirik lagu terbaik di indonesia , gue bakal jawab lirik lagu nya ebiet tidak ade belum ada yang bisa bandingkan .",0,kalau ditanya kualitas lirik lagu terbaik di indonesia gue bakal jawab lirik lagu nya ebiet tidak ade belum ada yang bisa bandingkan,1.0000001192092896,0,[0.906  0.0621 0.0318],0,[0.9512 0.0167 0.0321],"{'terbaik': 'terbaik', 'lirik': 'lirik'}",0,0,0.7461,,,,,,,,,
"buat indonesia apa sih yang tidak , gue rela deh kayak pahlawan zaman dulu yang sampai mengorbankan nyawa .",0,buat indonesia apa sih yang tidak je rela deh kayak pahlawan zaman dulu yang sampai mengorbankan nyawa,0.9849274158477784,0,[0.9305 0.0166 0.0529],0,[0.7491 0.047  0.2039],"{'gue': 'je', 'sih': 'sih'}",0,0,0.7257,,,,,,,,,
sebenarnya nilai di dalam pancasila itu sudah sesuai banget sama cita-cita masyarakat indonesia . pancasila sangat meninggikan kepentingan bersama . karena itu gue sangat cinta dengan pancasila dan indonesia .,0,sebenarnya nilai di dalam pancasila itu sudah sesuai banget sama masyarakat indonesia pancasila sangat meninggikan kepentingan bersama karena itu gue sangat viseur dengan pancasila dan indonesia,0.9886224269866944,0,[9.984e-01 4.000e-04 1.200e-03],0,[9.958e-01 9.000e-04 3.300e-03],"{'cinta': 'viseur', 'pancasila': 'pancasila'}",0,0,0.7244,,,,,,,,,
"aku dukung banget kerja sama antara jokowi sama dengan ruf amin , insyaallah indonesia bisa lebih baik ke depan nya kalau sama mereka .",0,aku dukung banget kerja sama antara jokowi sama dengan ruf amin insyaallah indonesia bisa lebih baik ke depan nya kalau sama mereka,1.0,0,[9.985e-01 1.000e-03 5.000e-04],0,[9.983e-01 1.200e-03 6.000e-04],{'jokowi': 'jokowi'},0,0,0.6835,,,,,,,,,
gue paling suka tisu merek paseo karena lembut banget .,0,gue paling suka tisu merek paseo karena lembut très,0.9114900827407836,0,[9.976e-01 1.700e-03 7.000e-04],0,[9.977e-01 1.400e-03 9.000e-04],{'banget': 'très'},0,0,0.6727,,,,,,,,,
laptop lenovo nomor 1 sih buat gue .,0,laptop lenovo nomor 1 sih buat gue .,1.0,2,[0.0393 0.006  0.9547],2,[0.0393 0.006  0.9547],,2,2,0.2,,,,,,,,,
cemilan terenak menurut gue itu adalah kacang kuaci merek rebo .,0,cemilan terenak menurut gue itu adalah kacang kuaci merek rebo,1.0000001192092896,0,[0.9709 0.0231 0.006 ],0,[0.9748 0.0176 0.0076],{'terenak': 'terenak'},0,0,0.6945,,,,,,,,,
"mouse logitech lucu-lucu desain nya , hampir semuanya gue suka .",0,mouse logitech desain nya hampir semuanya gue Comme,0.9052608013153076,0,[9.988e-01 8.000e-04 3.000e-04],1,[0.401  0.5839 0.015 ],{'suka': 'Comme'},1,0,0.6446,,,,,,,,,
"lagu nya richard marx selalu syahdu , enak didengar berulang-ulang .",0,lagu nya richard marx selalu syahdu enak didengar,0.9876455068588256,0,[9.989e-01 7.000e-04 4.000e-04],0,[9.987e-01 7.000e-04 6.000e-04],{'syahdu': 'syahdu'},0,0,0.7492,,,,,,,,,
karya anak bangsa indonesia di bidang teknologi selalu membanggakan .,0,karya anak bangsa indonesia di bidang teknologi selalu féroce,0.9629320502281188,0,[0.9794 0.0196 0.001 ],0,[0.9172 0.0814 0.0014],{'membanggakan': 'féroce'},0,0,0.6351,,,,,,,,,
salut banget sih sama pemimpin yang selalu bisa melihat poin plus yang ada di diri orang-orang di sekitar nya .,0,salut banget sih sama pemimpin yang selalu bisa melihat poin plus yang ada di diri di sekitar nya,0.99302339553833,0,[0.9975 0.0014 0.0011],0,[0.9975 0.0013 0.0012],{'nya': 'nya'},0,0,0.663,,,,,,,,,
"bangga deh sama jokowi , maju terus , pak .",0,féroce deh sama jokowi maju terus pak,0.9693731665611268,0,[9.98e-01 1.10e-03 9.00e-04],0,[0.9979 0.0011 0.001 ],{'bangga': 'féroce'},0,0,0.6623,,,,,,,,,
"tidak usah ditanya kehebatan jokowi apa , semua juga bisa dilakukan sama bapak presiden terkuat satu itu .",0,tidak usah ditanya kehebatan jokowi apa semua juga bisa dilakukan sama bapak presiden terkuat satu itu,1.0,0,[9.953e-01 3.900e-03 8.000e-04],0,[0.9965 0.0026 0.001 ],{'kehebatan': 'kehebatan'},0,0,0.699,,,,,,,,,
gue lebih milih makan di restoran yang bersih dan makanan nya enak kayak di ampera .,0,gue lebih milih makan di restoran yang bersih dan makanan nya enak kayak di ampera,1.0,0,[9.988e-01 7.000e-04 5.000e-04],0,[9.986e-01 8.000e-04 6.000e-04],"{'enak': 'enak', 'ampera': 'ampera'}",0,0,0.6514,,,,,,,,,
"banyak ya yang bisa dibanggakan dari seorang habibie , cerdas iya , rendah hati pula .",0,banyak ya yang bisa dibanggakan dari seorang habibie cerdas iya rendah hati pula,1.0000001192092896,0,[9.953e-01 3.900e-03 8.000e-04],0,[9.968e-01 2.500e-03 7.000e-04],{'cerdas': 'cerdas'},0,1,0.683,,,,,,,,,
"pelayanan bank bni selalu memuaskan , ramah-ramah banget orang nya .",0,pelayanan bank bni selalu memuaskan banget orang nya,0.9847875237464904,0,[9.986e-01 6.000e-04 8.000e-04],0,[9.985e-01 7.000e-04 8.000e-04],{'nya': 'nya'},0,0,0.7419,,,,,,,,,
bca keren sih karena sekarang sudah bisa medeteksi identitas orang cuma dengan ngedenger suara nya .,0,bca keren sih karena sekarang sudah bisa medeteksi identitas orang cuma dengan ngedenger suara nya,1.0000001192092896,0,[0.7967 0.1837 0.0196],0,[0.871  0.1124 0.0167],{'nya': 'nya'},0,1,0.6683,,,,,,,,,
"salut sama anak its , bisa bikin robot canggih dengan biaya yang tidak berlebihan .",0,salut sama anak its bisa bikin robot canggih dengan biaya yang tidak berlebihan,1.0,0,[9.955e-01 3.800e-03 7.000e-04],0,[9.956e-01 3.500e-03 8.000e-04],{'salut': 'salut'},0,0,0.7424,,,,,,,,,
paling suka sama orang yang tidak pernah mengeluh kalau lagi kerja .,0,paling suka sama orang yang tidak pernah mengeluh kalau lagi kerja,1.0,0,[0.9971 0.0013 0.0016],0,[0.9962 0.0016 0.0022],{'mengeluh': 'mengeluh'},0,0,0.7151,,,,,,,,,
"gue dari dulu selalu suka momogi , rasanya ketagihan banget .",0,gue dari dulu selalu suka momogi rasanya ketagihan très,0.9585852026939392,0,[9.983e-01 9.000e-04 8.000e-04],0,[9.986e-01 6.000e-04 8.000e-04],{'banget': 'très'},0,0,0.7304,,,,,,,,,
"indomie sih enggak usah ditanya lagi , naik gunung cuma bawa indomie saja sudah cukup buat gue , sudah bisa melengkapi kebahagiaan . indomie mantap .",0,indomie sih enggak usah ditanya lagi naik gunung cuma appporter indomie saja sudah cukup buat gue sudah bisa melengkapi kebahagiaan indomie mantap,0.9909651279449464,0,[9.988e-01 6.000e-04 7.000e-04],0,[9.989e-01 6.000e-04 5.000e-04],"{'mantap': 'mantap', 'bawa': 'appporter'}",0,1,0.7113,,,,,,,,,
"tidak pernah kecewa sama model sepatu nike , selalu elegan .",0,tidak pernah kecewa sama model chaussure nike selalu elegan,0.942202091217041,0,[9.99e-01 5.00e-04 5.00e-04],0,[9.988e-01 6.000e-04 6.000e-04],{'sepatu': 'chaussure'},0,0,0.6474,,,,,,,,,
"samsung galaxy a6 memang asik banget sih , setimpal banget beli itu hp .",0,samsung galaxy a6 memang asik banget sih setimpal banget beli itu hp,1.0,0,[9.988e-01 8.000e-04 4.000e-04],0,[9.985e-01 1.000e-03 5.000e-04],"{'hp': 'hp', 'asik': 'asik'}",0,0,0.7404,,,,,,,,,
bangga dan salut buat dokter yang rela tidak dibayar buat turun jangankan korban gempa di lombok .,0,bangga dan salut buat dokter yang rela tidak dibayar buat turun jangankan korban gempa di lombok,1.0,0,[0.9357 0.0609 0.0034],0,[0.9678 0.0285 0.0036],{'salut': 'salut'},0,1,0.6507,,,,,,,,,
"sandy shandoro tidak pernah gagal bikin gue merinding , dewa banget suara nya .",0,sandy shandoro tidak pernah échouer bikin gue merinding dewa très suara nya,0.9175417423248292,0,[9.983e-01 9.000e-04 7.000e-04],0,[0.9977 0.001  0.0013],"{'gagal': 'échouer', 'banget': 'très'}",0,0,0.7003,,,,,,,,,
"kalau disuruh milih antara koi sama chatime , mending koi ke mana-mana , harga murah , rasa juara .",0,kalau disuruh choisir antara koi sama chatime mending koi ke harga murah rasa juara,0.9376532435417176,0,[0.8942 0.0982 0.0076],0,[0.6542 0.0686 0.2772],{'milih': 'choisir'},2,1,0.6425,,,,,,,,,
"salut sama rk , gue yakin jawa barat bakal juara .",0,salut sama rk gue yakin jawa barat bakal juara,1.0,0,[9.99e-01 5.00e-04 5.00e-04],0,[9.985e-01 6.000e-04 8.000e-04],{'salut': 'salut'},0,0,0.6552,,,,,,,,,
"di antara penyanyi rock yang ada , gue paling suka bryan adams .",0,di antara penyanyi rock yang ada gue paling Comme bryan adams,0.9476703405380248,0,[0.9943 0.0041 0.0015],0,[0.811  0.1723 0.0167],{'suka': 'Comme'},0,0,0.6754,,,,,,,,,
gue cuma mau dipimpin sama jokowi .,0,gue cuma mau dipimpin sama jokowi .,1.0,2,[0.0039 0.0043 0.9919],2,[0.0039 0.0043 0.9919],,2,2,0.2,,,,,,,,,
kopi paling enak menurut gue torabika .,0,kopi paling enak menurut gue torabika,1.0,0,[0.9967 0.0021 0.0012],0,[0.9979 0.0011 0.001 ],{'torabika': 'torabika'},0,0,0.6528,,,,,,,,,
gila sih rasa iga bakar di iga bakar si jangkung terbaik parah .,0,gila sih rasa iga bakar di iga bakar si jangkung terbaik parah,1.0,0,[0.9876 0.0014 0.011 ],0,[0.9811 0.0013 0.0176],"{'gila': 'gila', 'jangkung': 'jangkung'}",0,0,0.7266,,,,,,,,,
bandung itu kota paling nyaman buat ditempatkan .,0,bandung itu kota paling nyaman buat ditempatkan,1.0000001192092896,0,[9.973e-01 2.100e-03 6.000e-04],0,[9.976e-01 1.600e-03 8.000e-04],{'nyaman': 'nyaman'},0,0,0.6714,,,,,,,,,
"distro baju di bandung ternyata bagus-bagus deh , harga nya juga sesuai .",0,distro baju di bandung ternyata deh harga nya juga sesuai,0.990038812160492,0,[9.991e-01 6.000e-04 3.000e-04],0,[9.986e-01 1.000e-03 4.000e-04],{'deh': 'deh'},0,0,0.6874,,,,,,,,,
"kalau mau jalan-jalan melihat pulau paling cantik , datang saja ke pulau saumlaki yang ada di maluku .",0,kalau mau melihat pulau paling cantik datang saja ke pulau saumlaki yang ada di maluku,0.9908021688461304,0,[0.8857 0.1106 0.0036],0,[0.9131 0.0832 0.0037],{'cantik': 'cantik'},0,1,0.6564,,,,,,,,,
aku bangga jadi anak indonesia .,0,aku bangga jadi anak indonesia,1.0,0,[0.9814 0.0163 0.0023],0,[0.9891 0.0086 0.0023],{'anak': 'anak'},0,0,0.6324,,,,,,,,,
salut deh sama keberanian bu susi .,0,salut deh sama keberanian bu susi,1.0,0,[9.976e-01 1.600e-03 9.000e-04],0,[9.977e-01 1.400e-03 9.000e-04],{'susi': 'susi'},0,0,0.6457,,,,,,,,,
"panutan banget bu sri mulyani , otak nya cerdas luar biasa .",0,panutan banget bu sri mulyani otak nya cerdas luar biasa,1.0,0,[9.987e-01 1.000e-03 4.000e-04],0,[9.983e-01 1.300e-03 4.000e-04],{'cerdas': 'cerdas'},0,0,0.6796,,,,,,,,,
"suka banget sama desain toko pedia , bikin mata segar .",0,suka banget sama desain toko pedia bikin mata segar,1.0000001192092896,0,[9.988e-01 8.000e-04 4.000e-04],0,[9.987e-01 9.000e-04 5.000e-04],{'segar': 'segar'},0,0,0.6967,,,,,,,,,
"gue senang banget belanja di shopee , banyak promo nya .",0,gue senang banget belanja di shopee banyak promo nya,1.0,0,[9.978e-01 1.800e-03 4.000e-04],0,[9.98e-01 1.40e-03 6.00e-04],{'nya': 'nya'},0,0,0.6873,,,,,,,,,
"kalau mau beli keperluan perawatan kulit , the body stop direkomendasikan banget , sih .",0,kalau mau beli keperluan perawatan kulit the body stop direkomendasikan banget sih,1.0,0,[0.9554 0.0429 0.0017],0,[9.89e-01 1.01e-02 9.00e-04],{'direkomendasikan': 'direkomendasikan'},0,1,0.6883,,,,,,,,,
fasilitas di hotel santika memang terbaik .,0,fasilitas di hotel santika memang terbaik,1.0,0,[9.972e-01 2.300e-03 5.000e-04],0,[9.986e-01 9.000e-04 5.000e-04],{'terbaik': 'terbaik'},0,0,0.6462,,,,,,,,,
alun-alun bandung nyaman banget buat nongkrong-nongkrong sama keluarga atau teman .,0,bandung nyaman banget buat sama keluarga atau teman,0.9862493276596068,0,[9.964e-01 3.100e-03 5.000e-04],0,[9.985e-01 8.000e-04 7.000e-04],{'nyaman': 'nyaman'},0,0,0.7492,,,,,,,,,
"aku seneng banget sama desain interior cgv , beda sama bioskop-bioskop lain .",0,aku heureux banget sama desain interior cgv beda sama lain,0.948847770690918,0,[9.988e-01 7.000e-04 4.000e-04],0,[0.9947 0.0033 0.002 ],{'seneng': 'heureux'},0,0,0.6908,,,,,,,,,
ayam sama kentang mcd tidak ada yang bisa mengalahkan .,0,ayam sama kentang mcd tidak ada yang bisa mengalahkan,1.0,0,[0.996  0.0022 0.0018],0,[9.972e-01 9.000e-04 1.900e-03],{'mcd': 'mcd'},0,0,0.6798,,,,,,,,,
mocha float kfc itu minuman terenak yang pernah gue rasain .,0,mocha float kfc itu minuman terenak yang pernah gue rasain,1.0,0,[9.959e-01 3.300e-03 9.000e-04],0,[9.965e-01 2.600e-03 9.000e-04],{'terenak': 'terenak'},0,0,0.6782,,,,,,,,,
mal terasik di bandung menurut gue pvj sih .,0,mal terasik di bandung menurut gue pvj sih .,1.0,2,[0.097  0.0857 0.8172],2,[0.097  0.0857 0.8172],,2,2,0.22,,,,,,,,,
semua rasa ayam di wingstop gue suka .,0,semua rasa ayam di wingstop gue Comme,0.9116041660308838,0,[9.989e-01 6.000e-04 5.000e-04],1,[0.1684 0.8083 0.0233],{'suka': 'Comme'},1,0,0.7635,,,,,,,,,
indomie goreng rasa rendang rasanya enak banget . enak banget !,0,indomie goreng rasa rendang rasanya enak très enak très,0.8285495638847351,0,[0.9961 0.0014 0.0025],0,[9.985e-01 1.000e-03 4.000e-04],{'banget': 'très'},0,0,0.6279,,,,,,,,,
"tempat direkomendasikan buat beli barang elektronik itu bec , di sana banyak pilihan .",0,tempat direkomendasikan buat beli barang elektronik itu bec di sana banyak pilihan,1.0,0,[0.9139 0.0845 0.0016],0,[0.9022 0.0964 0.0015],{'barang': 'barang'},0,1,0.83,,,,,,,,,
keren pemain-pemain bola di indonesia makin punya skill .,0,keren Ballé di indonesia makin punya skill,0.9253108501434326,0,[0.9744 0.0242 0.0014],0,[0.9928 0.0051 0.0021],{'bola': 'Ballé'},0,0,0.6657,,,,,,,,,
"kalau mau indonesia maju , pemimpin itu harus peka sama kebutuhan negara .",1,"kalau mau indonesia maju , pemimpin itu harus peka sama kebutuhan negara .",1.0,0,[0.7686 0.1886 0.0428],0,[0.7686 0.1886 0.0428],,1,1,0.23,,,,,,,,,
di indonesia lagi banyak bencana .,1,di indonesia lagi banyak bencana .,1.0,2,[0.0012 0.0107 0.9881],2,[0.0012 0.0107 0.9881],,2,2,0.24,,,,,,,,,
kata nya lagi banyak promo di shopee .,1,kata nya lagi banyak promo di shopee,1.0,1,[0.0031 0.9941 0.0028],1,[0.0202 0.9757 0.0041],{'shopee': 'shopee'},1,1,0.7463,,,,,,,,,
gojek fitur nya makin banyak .,1,gojek fitur nya makin banyak,1.0,1,[0.1354 0.8617 0.0029],0,[0.9408 0.0554 0.0038],{'nya': 'nya'},0,1,0.6615,,,,,,,,,
prabowo sama sandi maju jadi capres dan cawapres indonesia tahun 2019 .,1,prabowo sama sandi maju jadi capres dan cawapres indonesia tahun 2019,1.0,1,[1.700e-03 9.978e-01 6.000e-04],1,[1.800e-03 9.978e-01 4.000e-04],{'prabowo': 'prabowo'},1,1,0.6704,,,,,,,,,
jokowi milih dengan ruh amin jadi cawapres nya .,1,jokowi milih dengan ruh amin jadi cawapres nya,1.0,1,[0.0032 0.9956 0.0012],1,[0.0094 0.9892 0.0014],{'nya': 'nya'},1,1,0.6758,,,,,,,,,
hotel bintang 5 yang ada di bogor salah satu nya hotel salak .,1,hotel bintang 5 yang ada di bogor salah satu nya hotel salak,1.0,1,[0.036  0.9623 0.0017],1,[0.1218 0.8753 0.0029],{'hotel': 'hotel'},1,1,0.6555,,,,,,,,,
"di bogor itu ada lima mal yang bisa didatangkan , salah satu nya botani square .",1,di bogor itu ada lima mal yang bisa didatangkan salah satu nya botani square,1.0,1,[8.400e-03 9.909e-01 7.000e-04],1,[0.0229 0.9761 0.001 ],{'square': 'square'},1,1,0.7593,,,,,,,,,
sekarang transmart buka juga di bogor .,1,sekarang transmart buka juga di Bogor,1.0000001192092896,1,[9.600e-03 9.898e-01 6.000e-04],1,[3.230e-02 9.668e-01 9.000e-04],{'bogor': 'Bogor'},1,1,0.7431,,,,,,,,,
kata nya di pasteur bakal dibangun transmart yang kayak di buah batu itu .,1,kata nya di pasteur bakal dibangun transmart yang kayak di buah batu itu,1.0000001192092896,1,[0.0382 0.9503 0.0115],1,[0.1339 0.8521 0.0141],{'transmart': 'transmart'},1,1,0.7323,,,,,,,,,
bogor memang suka macet tiap akhir pekan . melelahkan .,2,bogor memang suka macet tiap akhir pekan melelahkan,1.0000001192092896,2,[1.200e-03 7.000e-04 9.982e-01],2,[0.0061 0.0024 0.9915],{'macet': 'macet'},2,2,0.7934,,,,,,,,,
car free hari di jalan sudirman bogor sudah tidak ada .,1,auto free hari di jalan sudirman bogor sudah tidak ada,0.9450883865356444,1,[0.0026 0.986  0.0114],1,[0.0052 0.9494 0.0454],{'car': 'auto'},1,1,0.658,,,,,,,,,
"kalau di hari sabtu sama minggu , banyak warga bogor yang lari keliling kebun raya .",1,kalau di hari sabtu sama minggu banyak warga Bogor yang lari keliling kebun raya,1.0,1,[0.0654 0.9303 0.0042],1,[0.1591 0.8353 0.0056],{'bogor': 'Bogor'},1,1,0.7075,,,,,,,,,
di istana bogor itu dipelihara banyak rusa tutul peninggalan penjajah kata nya sih .,1,di istana bogor itu dipelihara banyak rusa tutul peninggalan penjajah kata nya sih,1.0,1,[0.0305 0.5924 0.3771],1,[0.0701 0.7649 0.165 ],{'tutul': 'tutul'},1,1,0.6829,,,,,,,,,
kemajuan teknologi di indonesia makin ke sini makin berkembang .,1,kemajuan teknologi di indonesia makin ke sini makin berkembang .,1.0,0,[0.5068 0.4858 0.0075],0,[0.5068 0.4858 0.0075],,1,1,0.19,,,,,,,,,
"kemampuan memahami bacaan tiap orang itu beda-beda , ada yang sekali baca sudah paham , ada juga yang butuh berkali-kali baca dulu baru paham .",1,kemampuan memahami bacaan tiap orang itu ada yang sekali baca sudah paham ada juga yang butuh baca dulu baru paham,0.9921250939369202,1,[0.0103 0.9649 0.0248],1,[0.0485 0.9184 0.0331],{'baca': 'baca'},1,1,0.6736,,,,,,,,,
bali punya banyak pulau yang bisa dikunjungi .,1,bali punya banyak pulau yang bisa dikunjungi,1.0000001192092896,1,[0.0201 0.9773 0.0027],1,[0.0522 0.9444 0.0034],{'dikunjungi': 'dikunjungi'},1,1,0.6838,,,,,,,,,
wortel mengandung vitamin a yang bisa jaga kesehatan mata .,1,wortel mengandung vitamin a yang bisa jaga kesehatan mata,1.0000001192092896,1,[0.0986 0.8995 0.0019],1,[0.119  0.8781 0.0029],{'mata': 'mata'},1,1,0.7045,,,,,,,,,
jangan lupa minum air mineral 8 -- 10 gelas per hari nya .,1,jangan lupa minum air mineral 8 10 gelas per hari nya,1.0,1,[5.700e-03 9.934e-01 9.000e-04],1,[0.3764 0.6161 0.0076],{'air': 'air'},1,1,0.6438,,,,,,,,,
sekarang lagi musim durian .,1,sekarang lagi musim durian .,1.0,2,[0.0239 0.1038 0.8723],2,[0.0239 0.1038 0.8723],,2,2,0.17,,,,,,,,,
youngle nya setelah berantem sama penggemar kpop .,1,youngle nya setelah berantem sama penggemar kpop .,1.0,2,[0.0098 0.4131 0.577 ],2,[0.0098 0.4131 0.577 ],,2,2,0.2,,,,,,,,,
belakangan ini sudah terjadi dua kali gempa di lombok .,1,belakangan ini sudah terjadi dua kali gempa di lombok,1.0,1,[0.0036 0.9849 0.0115],1,[0.0039 0.9841 0.012 ],{'gempa': 'gempa'},1,1,0.6509,,,,,,,,,
kabar tenggelam nya kami sinar bangun di danau toba sudah tidak pernah terdengar lagi .,1,kabar tenggelam nya kami sinar bangun di danau toba sudah tidak pernah terdengar lagi,1.0,1,[0.0071 0.8998 0.093 ],1,[0.0187 0.5716 0.4097],{'sinar': 'sinar'},1,1,0.6943,,,,,,,,,
jumlah korban tenggelam nya kami sinar bangun itu kurang lebih 160 - an orang .,1,jumlah victime tenggelam nya kami sinar bangun itu kurang lebih 160 an orang,0.9439793229103088,1,[0.0014 0.9774 0.0211],1,[0.0018 0.961  0.0372],{'korban': 'victime'},1,1,0.6905,,,,,,,,,
sudah hampir 350 orang yang meninggal karena gempa di lombok kemarin .,1,sudah hampir 350 orang yang meninggal karena gempa di lombok kemarin,1.0,1,[0.0031 0.9664 0.0305],1,[0.0047 0.9481 0.0472],{},1,1,0.6902,,,,,,,,,
tukang bubur naik haji sudah stop produksi .,1,tukang bubur naik haji sudah stop produksi,1.0,1,[0.0033 0.9598 0.037 ],1,[0.0049 0.9622 0.0328],{'haji': 'haji'},1,1,0.7103,,,,,,,,,
ada satu relawan di lombok yang meninggal dunia .,1,ada satu relawan di lombok yang meninggal dunia,1.0,1,[0.0014 0.9931 0.0055],1,[0.0017 0.9945 0.0038],{'dunia': 'dunia'},1,1,0.6506,,,,,,,,,
bikin puisi bisa bikin hati yang tadinya banyak masalah jadi lebih tenang .,0,bikin puisi bisa bikin coeur yang tadinya banyak masalah jadi lebih tenang,0.9587085247039796,0,[0.9579 0.0376 0.0045],0,[0.9789 0.0086 0.0124],{'hati': 'coeur'},0,1,0.6573,,,,,,,,,
kalau lapar ya baiknya makan .,1,kalau lapar oui baiknya makan,0.7559547424316406,1,[0.0068 0.9735 0.0196],1,[0.1275 0.5296 0.3429],{'ya': 'oui'},2,1,0.6659,,,,,,,,,
kerja dari pagi sampai pagi lagi itu cuma bakal menyiksa diri sendiri . jadi tidak usah berlebihan kalau soal kerjaan .,1,kerja dari pagi sampai pagi lagi itu cuma bakal menyiksa diri sendiri . jadi tidak usah berlebihan kalau soal kerjaan .,1.0,2,[0.0031 0.0017 0.9952],2,[0.0031 0.0017 0.9952],,2,2,0.2,,,,,,,,,
perempuan yang malang itu sekarang sudah tutup usia .,1,perempuan yang malang itu sekarang sudah tutup usia .,1.0,2,[0.0012 0.0075 0.9913],2,[0.0012 0.0075 0.9913],,2,2,0.21,,,,,,,,,
cerita si kancil itu identik dengan kecerdikan seorang kancil menyelesai masalah yang ada di hadapan nya .,1,cerita si kancil itu identik dengan kecerdikan seorang kancil menyelesai masalah yang ada di hadapan nya .,1.0,0,[0.638  0.3548 0.0072],0,[0.638  0.3548 0.0072],,1,1,0.21,,,,,,,,,
kalau mau beli obat-obatan datang saja ke kimia farma karena di sana lengkap dan harga terjangkau .,0,kalau mau beli obat-obatan datang saja ke kimia farma karena di sana lengkap dan harga terjangkau .,1.0,1,[0.0926 0.9044 0.003 ],1,[0.0926 0.9044 0.003 ],,1,1,0.2,,,,,,,,,
buah mangga yang kemarin gue lihat di pohon kayak nya sudah dimakan sama kelelawar .,1,buah mangga yang kemarin gue lihat di pohon kayak nya sudah dimakan sama kelelawar .,1.0,2,[0.0089 0.4221 0.569 ],2,[0.0089 0.4221 0.569 ],,1,1,0.2,,,,,,,,,
semua perempuan suka dikasih bunga atau puisi sama pacar nya .,0,semua perempuan suka dikasih bunga atau puisi sama pacar nya .,1.0,1,[0.387  0.6079 0.0051],1,[0.387  0.6079 0.0051],,1,1,0.2,,,,,,,,,
tidur yang cukup tiap hari nya bisa bikin badan segar .,1,tidur yang cukup tiap hari nya bisa bikin badan segar .,1.0,0,[0.9804 0.015  0.0046],0,[0.9804 0.015  0.0046],,0,0,0.2,,,,,,,,,
baiknya orang yang dikasih kekuasaan di indonesia itu adalah orang yang paling tahu apa yang dibutuhkan sama rakyat .,1,baiknya orang yang dikasih kekuasaan di indonesia itu adalah orang yang paling tahu apa yang dibutuhkan sama rakyat .,1.0,0,[0.6761 0.0665 0.2573],0,[0.6761 0.0665 0.2573],,2,2,0.19,,,,,,,,,
sandiaga uno salah satu orang terkaya di indonesia .,1,sandiaga uno salah satu orang terkaya di indonesia,1.0000001192092896,1,[0.2654 0.7328 0.0019],0,[0.7613 0.237  0.0017],{'terkaya': 'terkaya'},1,1,0.6518,,,,,,,,,
di bandung banyak tempat yang bisa didatangkan buat wisata sama keluarga yang tempat nya bagus-bagus .,0,di bandung banyak tempat yang bisa didatangkan buat wisata sama keluarga yang tempat nya,0.9946595430374146,0,[9.984e-01 1.300e-03 3.000e-04],0,[9.889e-01 1.050e-02 6.000e-04],{'nya': 'nya'},0,0,0.7027,,,,,,,,,
indonesia punya banyak banget suku yang beragam budaya nya dan itu mencerminkan kalau negara kita sangat kaya .,0,indonesia punya banyak banget suku yang beragam budaya nya dan itu mencerminkan kalau negara kita sangat kaya,1.0,0,[0.9927 0.0061 0.0012],0,[0.9951 0.0038 0.0012],{'kaya': 'kaya'},0,0,0.724,,,,,,,,,
kalau jadi pemimpin itu harus bisa adil .,1,kalau jadi pemimpin itu harus bisa adil .,1.0,0,[0.5447 0.2793 0.1761],0,[0.5447 0.2793 0.1761],,1,1,0.2,,,,,,,,,
jadi pemimpin di indonesia itu banyak tantangan nya .,1,jadi chef di indonesia itu banyak tantangan nya,0.9412871599197388,1,[0.0568 0.7351 0.2081],0,[0.4432 0.4253 0.1315],{'pemimpin': 'chef'},0,1,0.6675,,,,,,,,,
salah satu tempat yang banyak didatangkan di bogor itu kebun raya bogor .,1,salah satu tempat yang banyak didatangkan di bogor itu kebun raya bogor,1.0,1,[0.1238 0.8748 0.0014],0,[0.6658 0.3323 0.0019],{'kebun': 'kebun'},1,1,0.6736,,,,,,,,,
"di sekitar istana bogor , kita bisa kasih makan rusa langsung kalau rusa-rusa nya lagi dikeluarkan .",1,di sekitar istana bogor kita bisa kasih makan rusa langsung kalau nya lagi dikeluarkan,0.9918447732925416,1,[0.0731 0.9246 0.0023],1,[0.2748 0.7223 0.0029],{'dikeluarkan': 'dikeluarkan'},1,1,0.711,,,,,,,,,
kemarin aku setelah nyobain kopi nya warung kopi nako .,1,kemarin aku setelah nyobain kopi nya magazine kopi nako,0.8837974667549133,1,[0.2852 0.712  0.0027],0,[0.5186 0.4776 0.0038],{'warung': 'magazine'},0,1,0.6372,,,,,,,,,
kata nya tidur yang baik itu minimal enam jam sehari .,1,kata nya tidur yang baik itu minimal enam jam sehari,1.0,1,[0.0179 0.9187 0.0634],1,[0.061  0.8224 0.1167],{'tidur': 'tidur'},1,1,0.6931,,,,,,,,,
indonesia itu ada di benua asia .,1,indonesia itu ada di continent asia,0.9399999380111694,1,[0.0118 0.9823 0.0059],1,[0.4839 0.5067 0.0094],{'benua': 'continent'},1,1,0.709,,,,,,,,,
salah satu kegemaran anak remaja indonesia sekarang adalah mendengar kpop .,1,salah satu kegemaran anak remaja Indonésie sekarang adalah mendengar kpop,0.9838805198669434,1,[0.0262 0.8407 0.1331],1,[0.145  0.4975 0.3574],{'indonesia': 'Indonésie'},2,1,0.7647,,,,,,,,,
melihat warna hijau bisa bikin mata jadi lebih santai .,0,melihat warna hijau bisa bikin mata jadi lebih santai,1.0,0,[0.6829 0.311  0.0061],0,[0.9402 0.0549 0.0049],{'hijau': 'hijau'},0,1,0.6788,,,,,,,,,
bondan winarno yang suka bilang maknyus sekarang sudah tiada .,1,bondan winarno yang suka bilang maknyus sekarang sudah tiada,1.0000001192092896,1,[0.0845 0.847  0.0685],1,[0.4027 0.5169 0.0803],{'maknyus': 'maknyus'},1,1,0.7042,,,,,,,,,
